defaultdict(<class 'dict'>, {'In the mild and moderate groups, IL-6 concentrations were at their highest level in the first week after the symptom onset and then exhibited a decreasing trend.': {'embedding': array([ 5.64249933e-01,  3.47287387e-01, -3.96114111e+00, -1.73924342e-01,
        5.24874389e-01, -6.65042326e-02,  4.56650048e-01,  5.30789420e-02,
        1.54789281e+00, -1.01677334e+00, -4.23128515e-01,  6.39301360e-01,
        1.06653726e+00,  7.00828075e-01,  1.48724651e+00, -7.36293375e-01,
        2.82294899e-01, -7.75321126e-01,  2.48970427e-02,  1.38798511e+00,
       -8.06322694e-01, -7.41992891e-02, -1.33384243e-01, -8.04864347e-01,
        6.67817295e-01,  2.07701135e+00, -5.32844126e-01,  5.34386933e-01,
        4.29423660e-01, -2.09514543e-01,  8.16466331e-01, -7.60669649e-01,
        2.72954851e-01, -1.38713145e+00, -1.46520361e-02, -5.06128334e-02,
        2.30880216e-01,  2.58423761e-02,  3.25424075e-02,  3.28153551e-01,
        5.27902722e-01, -3.51286411e-01,  1.31362438e+00, -8.21787596e-01,
       -1.89072996e-01,  4.44122910e-01,  1.24686912e-01,  1.30784845e+00,
        4.04267550e-01, -6.85464263e-01, -2.19770521e-01, -8.87364089e-01,
        5.09996749e-02, -8.21961820e-01,  1.38023067e+00,  3.22141886e-01,
       -1.34011137e+00, -1.22459161e+00,  2.40084141e-01, -1.50931507e-01,
        1.19105947e+00,  3.82411927e-01, -8.84933352e-01, -3.81015599e-01,
       -7.19992936e-01, -7.19105721e-01, -8.05855751e-01,  7.97953248e-01,
       -7.54333019e-01, -1.42606080e+00,  6.24187171e-01, -3.52879792e-01,
       -6.22923393e-03, -2.78262943e-01, -2.70819753e-01, -6.54010847e-02,
        7.92371154e-01, -9.31658745e-02, -2.07661390e-01, -3.93718183e-02,
        5.60410738e-01,  3.22190881e-01,  1.65118217e+00, -6.10577643e-01,
        1.43344069e+00,  1.63302034e-01, -5.03135800e-01,  4.92717922e-01,
        3.66891958e-02,  2.64298820e+00,  1.58820033e+00,  6.97227836e-01,
        1.90192401e-01, -4.96706426e-01, -7.85665035e-01,  6.46576762e-01,
       -2.50756562e-01,  4.69719708e-01, -9.50423598e-01, -9.28034544e-01,
        4.14179146e-01, -1.17878354e+00, -2.92611271e-01, -8.33451927e-01,
       -3.93917561e-01,  5.82488656e-01,  6.52888715e-01, -5.08179128e-01,
        3.34782511e-01,  2.08536237e-01, -1.39632869e+00,  1.62702471e-01,
       -5.09714425e-01, -1.07857838e-01,  1.05847037e+00, -1.59290880e-01,
        3.93687487e-01, -4.25452590e-01, -5.08530796e-01,  7.01015770e-01,
       -7.36386359e-01, -7.15234458e-01,  2.29804695e-01,  1.35853851e+00,
        1.25262547e+00,  3.04811209e-01,  3.93857896e-01,  2.89290458e-01,
        1.33488297e-01, -6.89968348e-01,  1.63256168e-01, -4.34035778e-01,
       -1.17359853e+00,  1.29987866e-01,  2.35195786e-01,  1.18868995e+00,
       -1.74499825e-02,  2.98473954e-01,  3.22523057e-01, -3.75035644e-01,
        4.33583915e-01, -3.81472468e-01,  5.94454467e-01, -1.94980681e-01,
       -4.28025782e-01,  1.04276419e-01,  1.16719115e+00, -1.11420906e+00,
       -2.54406989e-01,  5.06315172e-01, -2.83121288e-01,  3.58937144e-01,
        2.47841939e-01, -2.13736564e-01, -5.04633784e-01, -1.15567112e+00,
       -8.11152220e-01,  9.60113168e-01,  3.24491054e-01,  6.37519136e-02,
        9.56472278e-01, -2.16908947e-01, -9.77892220e-01,  8.68035316e-01,
        4.11889434e-01, -1.20609355e+00,  2.35846058e-01,  1.24572730e+00,
        1.57435000e-01,  1.18355227e+00, -1.03470170e+00, -1.10712695e+00,
       -5.15659899e-02, -2.88382381e-01,  2.80550182e-01,  1.79817662e-01,
        3.72017324e-01, -1.13549232e+00,  2.78552443e-01, -1.82208233e-02,
        1.29015937e-01, -6.16086721e-01, -1.10265695e-01, -1.34818731e-02,
        1.09774745e+00, -5.44450998e-01, -4.26274538e-01, -3.11715096e-01,
       -6.08782113e-01, -5.12087524e-01,  1.17231555e-01,  1.18661249e+00,
       -1.02424407e+00, -7.00884342e-01, -7.77646899e-01, -5.00564814e-01,
        1.22136474e+00, -4.34363574e-01,  7.40551651e-01, -8.96194816e-01,
        1.84562266e-01, -6.66909039e-01, -4.57385182e-01, -2.43867055e-01,
       -8.59080076e-01,  1.07433844e+00, -2.47890964e-01, -4.80492115e-01,
       -2.44804591e-01, -9.42847013e-01,  2.64266469e-02, -1.71101242e-01,
       -5.31864107e-01, -2.55999982e-01,  3.24278653e-01, -6.70873672e-02,
       -3.57584625e-01,  6.34905696e-01, -4.61731762e-01,  7.28321731e-01,
        5.69046676e-01,  1.95916221e-01, -1.13335919e+00,  4.95921001e-02,
        7.44885743e-01, -3.74863952e-01, -5.72823584e-01, -1.48449287e-01,
       -1.39640903e+00, -4.01301056e-01,  4.57132533e-02, -5.39756298e-01,
        8.69115829e-01,  1.14051448e-02, -2.82067567e-01, -2.10917756e-01,
       -9.03677106e-01, -6.80494308e-01,  1.33648121e+00,  2.27618273e-02,
       -5.85440576e-01, -3.29284281e-01,  4.74859238e-01,  2.29318991e-01,
       -1.54438066e+00,  1.15421271e+00, -1.06107044e+00, -1.19451785e+00,
       -5.33907294e-01,  5.42641044e-01, -5.17745137e-01,  1.43317714e-01,
        6.99208677e-01,  3.98870856e-01,  9.47268128e-01, -5.82651794e-01,
       -2.66999274e-01,  7.83183724e-02,  4.13654000e-01,  2.54889101e-01,
        8.99908319e-02, -1.31491292e+00,  7.10149288e-01, -4.37870890e-01,
       -1.11750677e-01,  9.04976502e-02,  7.74702728e-01, -4.46762890e-01,
       -5.49036190e-02, -6.26164556e-01, -3.53250727e-02,  2.06898540e-01,
       -5.13880193e-01,  4.53900188e-01,  4.82313102e-03, -2.36623898e-01,
        2.88293540e-01,  1.10458329e-01, -1.37098461e-01,  6.75213933e-01,
       -5.66498756e-01, -5.17266989e-01, -5.20912170e-01, -6.64087772e-01,
       -9.29198742e-01,  9.94184092e-02,  1.96875930e+00, -6.57793403e-01,
        1.26482233e-01,  6.90505445e-01,  2.47444302e-01, -2.12047063e-02,
        1.51719470e-02,  9.07818198e-01, -2.27996483e-01, -8.53822947e-01,
        6.80034280e-01, -8.08857262e-01, -2.61432439e-01, -1.02362585e+00,
        1.22149134e+00,  1.47504538e-01,  1.68740213e+00,  5.80042321e-03,
        7.20193624e-01, -1.01311278e+00,  4.20784801e-02, -2.69424856e-01,
       -1.43461585e-01, -1.16128421e+00, -8.01174402e-01, -1.31831154e-01,
       -1.12802768e+00,  1.10658455e+00, -8.78771722e-01,  8.29400837e-01,
        4.38227326e-01,  1.97068846e+00,  8.95539999e-01, -3.92020673e-01,
        3.56061816e-01, -6.27104640e-01,  1.53291896e-01,  1.58112913e-01,
        3.49512219e-01,  6.50462031e-01,  3.11276734e-01,  8.23970199e-01,
       -3.79106522e-01,  7.08928645e-01,  2.12530911e-01,  7.07404464e-02,
        1.33244312e+00, -1.20655760e-01, -7.47081161e-01,  5.99580050e-01,
       -4.25346017e-01,  2.39375085e-01,  7.70432055e-02,  5.41819930e-01,
        1.23285925e+00, -8.42059433e-01,  3.72955203e-01, -5.34505844e-01,
        8.05457011e-02,  3.16076517e-01, -6.22431874e-01, -3.44950080e-01,
        7.36047089e-01, -2.03808248e-01, -2.26640850e-01, -7.93130621e-02,
       -3.86608571e-01, -5.83782971e-01,  1.77707784e-02, -2.74606764e-01,
        7.19758749e-01, -2.07900867e-01, -2.62343735e-01, -5.88198155e-02,
        1.34693608e-01, -8.58659625e-01,  3.03404003e-01, -5.52555978e-01,
        1.24245333e-02,  1.44127631e+00,  4.86938715e-01,  9.10932481e-01,
        1.26283741e+00,  2.55094528e-01, -4.13293719e-01,  9.51186791e-02,
       -6.66450560e-01,  7.26998150e-01, -6.10920966e-01,  1.90786839e-01,
       -8.50130498e-01,  3.27648111e-02, -8.84748459e-01,  3.06091994e-01,
        2.08350271e-01, -9.84518170e-01, -7.85388470e-01,  8.62264872e-01,
        4.18291152e-01, -4.68320131e-01,  1.07231632e-01,  1.85004652e-01,
        5.54496109e-01,  9.51944232e-01, -3.93322885e-01, -1.05598116e+00,
        1.60683930e-01, -4.24334705e-01,  1.14314008e+00, -1.09503873e-01,
        4.43198621e-01,  3.63425016e-01,  4.55351740e-01,  1.44080853e+00,
       -7.36269474e-01, -1.01928675e+00,  6.68986201e-01, -1.90224051e-02,
        3.10443312e-01, -5.97059786e-01, -2.03748837e-01,  3.09145540e-01,
        2.94894397e-01,  1.42978802e-01,  5.83290696e-01,  1.46150038e-01,
       -8.94509196e-01, -7.42996812e-01,  2.33388096e-01,  1.90018344e+00,
        8.49715829e-01,  5.87608553e-02,  7.27404505e-02,  4.57193971e-01,
        8.83028626e-01,  6.19647205e-01, -1.32130051e+00,  4.27730799e-01,
        1.95082143e-01,  6.63919091e-01,  1.38651252e-01,  3.56329978e-01,
        3.55094731e-01, -7.30796993e-01,  1.78177431e-01,  5.31318009e-01,
       -2.16207504e-01, -7.35842943e-01, -8.07865113e-02,  3.45143616e-01,
       -5.03039718e-01,  8.44506323e-02, -7.95397520e-01,  1.03831160e+00,
        1.05574882e+00, -6.11693203e-01, -1.09976619e-01,  2.22912416e-01,
        9.05225873e-01,  1.47996604e+00,  6.81977868e-01, -5.91817558e-01,
       -4.20511216e-01, -4.38251615e-01, -2.27052093e-01,  4.54011828e-01,
        1.24481428e+00, -1.21610034e-02,  6.68642402e-01, -7.01065004e-01,
        5.73230624e-01,  1.25797546e+00,  1.93236601e-02,  1.31678057e+00,
        8.17050755e-01,  6.32308960e-01, -1.51656961e+00,  3.82709175e-01,
        3.69617701e-01, -8.55354294e-02,  1.64155379e-01,  9.23423409e-01,
       -4.67571676e-01,  5.90433121e-01, -8.81016016e-01, -1.94101363e-01,
       -9.21735838e-02, -8.52589309e-01, -7.07824171e-01, -3.10394913e-01,
       -1.01549518e+00,  9.97645259e-02,  2.07304090e-01,  1.13083398e+00,
        1.42067587e+00, -2.54742235e-01, -7.80248284e-01, -4.60025012e-01,
       -2.87545115e-01,  1.41416579e-01,  1.03275800e+00, -4.18492407e-01,
        3.17198485e-01,  5.95481217e-01,  4.85478222e-01,  3.65443975e-01,
        9.66326773e-01,  7.01243043e-01,  4.87917840e-01, -6.23879611e-01,
        6.46104157e-01, -3.34198058e-01,  6.92038760e-02, -5.43956995e-01,
        2.21993625e-01,  6.59701526e-01,  2.95866370e-01, -1.67358652e-01,
        7.63467774e-02,  4.84946594e-02, -2.40577117e-01, -5.87335944e-01,
       -2.20059939e-02,  7.22739100e-01,  2.20792517e-01,  4.39984836e-02,
        1.25290918e+00, -5.26469424e-02, -3.21860891e-04, -2.50744760e-01,
        4.93726842e-02,  4.36998487e-01,  5.59735075e-02, -5.26602030e-01,
        1.94461003e-01, -8.89483869e-01, -7.95585662e-02,  3.34881634e-01,
       -1.22907674e+00, -5.64796865e-01, -3.30358177e-01, -6.38397276e-01,
       -5.91147020e-02,  7.86579959e-03,  2.65417248e-01,  9.75388288e-01,
       -5.30149221e-01,  7.06807733e-01,  1.33116877e+00,  1.36446610e-01,
        1.46381959e-01,  1.83883533e-01, -1.33895308e-01,  2.01202631e+00,
       -5.38874447e-01,  4.64662127e-02, -9.00799274e-01, -7.40638077e-01,
        3.94310027e-01,  2.38597021e-01, -7.55327225e-01,  2.27078408e-01,
       -1.04839218e+00, -6.33954883e-01,  3.58998477e-01, -5.29654026e-01,
       -1.75938923e-02, -1.45706803e-01, -1.90101877e-01, -2.53338069e-01,
       -1.02021787e-02, -1.24374308e-01,  1.54101709e-03, -7.62351513e-01,
        7.41059303e-01, -6.93609238e-01,  1.57118812e-02, -2.86420971e-01,
        7.25423515e-01, -7.94343054e-01,  1.64246157e-01, -9.16927814e-01,
        2.44865969e-01,  6.72951102e-01,  8.46856952e-01, -3.12885135e-01,
        4.68928993e-01,  4.19393986e-01, -5.79026818e-01,  6.59316123e-01,
       -1.72112942e-01,  2.17296720e-01, -6.49609566e-01, -3.58032659e-02,
       -1.41903356e-01, -1.05218077e+00, -7.49855101e-01,  8.03396225e-01,
        5.39604068e-01, -1.40769780e-01, -9.27353144e-01, -1.03486925e-01,
        1.27758849e+00, -3.94449741e-01, -5.50727069e-01,  7.29929745e-01,
       -6.50483012e-01, -2.61766493e-01, -2.02688307e-01, -4.64183092e-01,
       -3.53346229e-01, -1.32704639e+00, -1.61949888e-01, -8.94389153e-01,
        1.08669484e+00, -1.32746696e+00,  7.71267593e-01, -1.04909503e+00,
        2.44977832e-01, -6.74957454e-01,  8.61736357e-01,  4.50968713e-01,
        3.35410595e-01, -7.75439084e-01,  9.35291290e-01, -7.65882134e-01,
       -3.52330565e-01, -1.47232842e+00,  8.60678077e-01, -1.14790666e+00,
        1.50714946e+00,  5.44179201e-01, -1.30059457e+00, -8.02886188e-01,
       -4.89697069e-01, -9.44804847e-01,  2.05878243e-01, -2.76593622e-02,
        3.72920901e-01,  7.09119588e-02, -1.09295875e-01, -8.19456100e-01,
       -2.19082162e-01,  9.00972009e-01, -6.78724349e-02, -3.09387922e-01,
       -1.34773803e+00, -2.00417057e-01, -6.11982644e-01, -5.18106043e-01,
       -1.03102751e-01, -6.02279380e-02, -5.69559224e-02,  1.71127215e-01,
        1.19494843e+00, -1.30966401e+00, -1.41321969e+00,  3.65281582e-01,
        2.79766947e-01, -6.49335086e-01,  8.15142334e-01,  1.30276406e+00,
        5.52001417e-01, -3.03328663e-01,  1.05576813e+00,  1.20610416e+00,
        3.27271372e-02, -3.02471340e-01, -4.08562094e-01, -3.14861566e-01,
        9.36040580e-01, -4.69822198e-01, -8.98373127e-01, -1.94820553e-01,
       -1.46348085e-02,  6.57202065e-01, -6.03449643e-01,  9.39074814e-01,
       -3.16743314e-01, -2.92478740e-01,  2.55592346e-01, -7.79332101e-01,
       -1.56021965e+00, -2.69181192e-01,  7.38109350e-01, -3.93189400e-01,
       -6.51942715e-02, -8.22272956e-01, -2.81387717e-01,  1.26106513e+00,
        6.22842431e-01, -5.33366874e-02,  9.11599278e-01,  7.31135607e-01,
       -1.00315440e+00, -3.17460358e-01,  7.36101389e-01, -2.24171132e-01,
       -2.84261882e-01,  7.29527891e-01, -4.10201311e-01, -7.22620368e-01,
        1.53394714e-01, -7.03201815e-02, -7.27006078e-01,  2.09962904e-01,
        6.88399896e-02, -5.22195436e-02,  4.82817218e-02, -1.92202687e-01,
       -7.78182968e-02,  9.92641374e-02, -1.69468418e-01, -4.28819954e-02,
       -8.18346918e-01,  3.83583754e-01, -4.89940107e-01, -5.98519981e-01,
       -2.74706721e-01,  2.49086067e-01, -3.15479845e-01, -1.63779330e+00,
        1.66292816e-01, -4.82252240e-01,  5.13898730e-01, -6.72028288e-02,
        4.38039243e-01,  5.25506437e-01,  2.55504251e-01,  1.11139560e+00,
       -2.75828987e-01, -2.54089499e+00, -3.48495841e-01,  1.54092216e+00,
        3.42314750e-01, -2.41187781e-01, -8.38457346e-01, -2.37868264e-01,
       -1.49908826e-01,  9.88256335e-01,  7.68977225e-01, -1.40705454e+00,
        1.04863143e+00, -2.72675365e-01,  2.01637253e-01, -2.14004278e-01,
       -4.03516948e-01, -4.60448295e-01,  5.68759918e-01,  3.40101182e-01,
       -2.83915699e-01,  9.89592016e-01, -8.12351584e-01,  2.62764066e-01,
       -1.47999394e+00,  5.75978160e-01,  6.50589705e-01,  2.66653091e-01,
       -5.33649027e-01,  7.75985956e-01,  1.08233035e+00,  5.78418970e-01,
        3.24103832e-01,  1.73160732e-02, -5.66969037e-01,  1.68486759e-01,
       -9.95846808e-01,  7.72576258e-02, -1.24361850e-01,  6.22315891e-02,
       -2.58433014e-01,  8.33041891e-02,  6.71595693e-01,  8.20675269e-02,
        3.67326625e-02, -8.48443866e-01,  4.82222289e-01,  6.08537257e-01,
       -4.74161804e-02, -5.95403910e-01, -4.97003019e-01, -9.12017465e-01]), 'stl': None, 'literal': None}, 'Remarkably, in the mild group, the amount of these cytokines (IL-1β and IL-1Ra) increased at the day 1–7, reached a peak at the day 8–14, and diminished after >14 days.': {'embedding': array([ 7.06145048e-01,  1.42308712e-01, -4.00274515e+00, -4.93938923e-02,
        8.75179648e-01, -3.75956716e-03,  5.33310473e-01,  2.35915050e-01,
        1.13556886e+00, -1.44165158e+00, -1.48122817e-01,  1.64209709e-01,
        1.14861524e+00,  9.86736059e-01,  1.40289748e+00, -9.71800864e-01,
       -6.26908660e-01, -7.90068030e-01, -6.89537227e-01,  8.10396671e-01,
       -4.47752863e-01, -1.22756444e-01,  2.23756954e-01, -2.62282211e-02,
        1.21659994e+00,  2.14137316e+00, -9.76109505e-01,  3.39286178e-02,
       -4.69476193e-01, -3.29407483e-01,  8.07061791e-01, -1.31399429e+00,
        4.60431546e-01, -7.34340429e-01,  7.34047115e-01,  1.14737168e-01,
        9.25245881e-01,  2.36437112e-01,  7.49657810e-01, -8.20160925e-01,
        6.48328900e-01, -7.29418397e-01,  1.45399189e+00,  2.35872328e-01,
       -3.58225822e-01, -1.38297770e-02,  4.54836339e-01,  3.33184451e-01,
        3.49266112e-01, -9.74959910e-01,  1.81624994e-01, -6.83896422e-01,
        4.87578958e-01, -6.01619156e-03,  1.37522209e+00,  4.18459862e-01,
       -1.12333155e+00, -1.47802794e+00,  6.47637963e-01,  3.59304786e-01,
        1.33134842e+00, -6.75199628e-01, -7.66493142e-01,  2.98826993e-01,
       -2.60686010e-01, -7.69442856e-01, -3.10732692e-01,  5.80011964e-01,
        1.27280071e-01, -1.10054958e+00,  2.23698556e-01,  2.02771872e-02,
       -1.36204556e-01,  1.66442841e-01,  3.79441917e-01,  5.42759895e-01,
        1.03729002e-01, -6.05405033e-01, -9.17900383e-01,  1.48657653e-02,
        1.17699206e+00,  9.74849015e-02,  7.26469994e-01, -2.80948609e-01,
        8.81270707e-01,  1.22831538e-02,  1.96920693e-01, -1.54713526e-01,
        1.83090687e-01,  2.16882992e+00,  7.58951783e-01,  2.65563667e-01,
        2.34469801e-01,  1.39177665e-01, -9.33030725e-01,  1.12336583e-01,
        2.41312832e-01, -1.58027142e-01, -1.28215039e+00, -3.59733224e-01,
        5.62902212e-01, -7.10742176e-01, -4.26650673e-01,  9.62444618e-02,
       -2.72719145e-01,  9.15104985e-01,  2.15744331e-01, -5.29633582e-01,
       -1.04332060e-01, -2.31175393e-01, -1.46012533e+00, -4.45731491e-01,
       -4.87193137e-01, -8.85879770e-02,  1.25265551e+00,  3.57595026e-01,
       -2.11077631e-01, -8.89264286e-01,  3.30948412e-01,  3.13516259e-01,
       -6.99214876e-01, -4.05982584e-01, -1.80680193e-02,  5.49874365e-01,
        7.42053270e-01,  8.07314157e-01,  4.05027896e-01,  3.80753845e-01,
        5.97777963e-01, -1.06045914e+00,  6.42339066e-02,  3.55119556e-02,
       -8.36505592e-01,  5.25069647e-02,  1.85199723e-01,  1.56237817e+00,
        1.79016680e-01,  6.29122615e-01,  3.54493111e-01, -1.35146994e-02,
        3.18535864e-01,  1.53569714e-03,  2.13166792e-02, -6.38848484e-01,
       -7.29834557e-01,  1.01584159e-01,  1.04701710e+00, -1.07906747e+00,
       -3.08751136e-01,  7.22496092e-01,  9.74974595e-04,  3.11304092e-01,
       -1.55139789e-01,  1.70054466e-01, -1.83517218e-01, -1.14718306e+00,
       -5.78629732e-01,  5.67336738e-01, -1.66629583e-01,  5.83679497e-01,
       -5.81820644e-02, -9.78239328e-02, -3.47120255e-01,  2.98841000e-01,
       -2.94141084e-01, -1.00290537e+00, -7.17784464e-02,  8.67104590e-01,
        3.00209820e-01,  1.26536870e+00, -5.17239332e-01, -1.31213796e+00,
       -1.81281179e-01, -2.01869324e-01,  2.64604807e-01,  1.42135307e-01,
        2.33710766e-01, -1.13397706e+00,  4.83725190e-01, -5.40065825e-01,
        3.38618368e-01, -2.91974485e-01,  2.17889220e-01, -5.85908890e-01,
        7.93881774e-01, -5.87949336e-01, -8.16588402e-02, -3.94866569e-03,
       -1.42052341e+00, -3.88024241e-01, -9.35216546e-02,  3.00937355e-01,
       -1.22953594e+00, -2.66150445e-01, -5.56217670e-01, -1.08274102e-01,
        9.19086576e-01, -5.79737663e-01,  5.49228013e-01, -7.57359743e-01,
       -7.19106317e-01, -7.05068767e-01, -1.93360269e-01, -1.38024777e-01,
       -7.53726661e-01,  1.39506483e+00,  2.07700819e-01,  1.17933500e+00,
       -4.28745717e-01, -8.51150572e-01,  4.82409686e-01, -5.03190458e-01,
       -1.00924420e+00, -1.68740347e-01,  5.97478628e-01, -5.00507295e-01,
       -2.65639126e-01, -1.11124560e-01,  3.88571501e-01,  7.55093753e-01,
        9.41339552e-01,  1.07574891e-02, -8.10555398e-01, -1.96684986e-01,
        8.07208538e-01,  5.44644952e-01, -9.48565960e-01,  2.99562216e-01,
       -1.26211417e+00, -2.87244439e-01,  3.96913439e-02,  9.86577850e-03,
        4.07356977e-01, -4.73550975e-01, -5.84793389e-01, -3.50081533e-01,
        1.33869499e-01, -2.30001025e-02,  3.74851078e-01, -5.34135997e-01,
       -2.52987832e-01, -3.24658662e-01,  7.72574306e-01,  2.06534266e-01,
       -2.01555967e+00,  2.64568985e-01, -3.06850165e-01, -1.28458035e+00,
        1.31166875e-01,  9.11958814e-01,  2.19468288e-02,  4.76517707e-01,
        6.86133862e-01,  6.29196405e-01,  9.13012445e-01, -3.44144255e-01,
       -3.81049722e-01, -8.77036378e-02,  7.26745307e-01,  1.74145788e-01,
        5.58680832e-01, -1.11358130e+00,  5.20724654e-01, -1.90516695e-01,
       -2.02323213e-01, -4.89842623e-01, -1.00084513e-01,  1.21205479e-01,
       -1.97384536e-01, -7.15879142e-01, -6.71264529e-02, -5.25577255e-02,
       -6.90511346e-01,  1.14678228e+00, -3.14284176e-01,  1.00597609e-02,
        7.36937821e-01,  2.81756669e-01, -5.51151276e-01,  7.11583614e-01,
       -1.04357608e-01, -3.38292062e-01, -7.15077162e-01, -3.33201289e-01,
       -6.55658424e-01,  2.91835129e-01,  1.48475969e+00, -1.10021746e+00,
       -5.21639168e-01,  5.53728759e-01,  2.20547587e-01, -2.99106777e-01,
        1.13092375e+00,  6.42593741e-01,  4.09783274e-01, -1.83791548e-01,
        1.16244793e+00, -1.10499322e+00, -1.21176973e-01, -9.10400212e-01,
        1.12904966e+00,  3.09816092e-01,  1.15984285e+00,  1.44523397e-01,
        4.84605320e-03, -5.80174983e-01, -3.43972027e-01, -2.10560843e-01,
       -5.01780808e-02, -3.15463513e-01, -7.05324709e-01, -9.92148221e-02,
       -8.57826769e-02,  1.21988750e+00, -1.44930708e+00,  6.78089321e-01,
        8.34005296e-01,  1.53386259e+00,  5.62912524e-01, -5.39376020e-01,
        2.99237669e-01, -6.40192688e-01, -1.67045057e-01, -4.66767281e-01,
        9.54678208e-02,  1.96773574e-01, -2.65269727e-02, -4.54899557e-02,
       -8.36884022e-01, -2.53893763e-01, -2.29991153e-01,  1.65241182e-01,
        2.69141883e-01, -1.84506834e-01, -8.79782557e-01,  6.37919962e-01,
       -4.18079019e-01,  6.77596092e-01,  7.08086252e-01,  8.84868503e-01,
        5.24941266e-01, -4.35342491e-01,  1.38492405e-01, -1.40453741e-01,
        4.89191771e-01, -3.82134885e-01, -6.43623054e-01, -7.63657928e-01,
        2.14701295e-01,  4.30538893e-01,  8.01114887e-02, -3.31872016e-01,
       -2.84321100e-01, -6.89843476e-01,  3.17955703e-01,  5.78723513e-02,
        1.13773572e+00,  4.19975966e-01, -5.11451066e-01, -5.64494252e-01,
        6.72984302e-01, -6.37005031e-01,  2.39215553e-01, -5.42343915e-01,
       -6.67775989e-01,  1.32487881e+00,  5.46066523e-01,  5.82533598e-01,
        9.18434739e-01, -1.97810531e-01, -5.24400771e-01,  5.90755045e-01,
       -7.92970508e-02,  8.91644001e-01, -3.39091361e-01,  6.26485348e-01,
       -3.82842451e-01, -2.99692303e-01, -7.52022982e-01,  3.24230105e-01,
        1.00123513e+00, -1.17357874e+00,  5.73445916e-01,  6.29328251e-01,
       -2.50579447e-01, -3.94724905e-01, -4.79018539e-02,  9.42756906e-02,
        3.05198506e-02,  7.15195298e-01,  5.23568951e-02, -7.66014397e-01,
       -3.21374029e-01,  5.29713452e-01,  1.33584285e+00, -9.02064264e-01,
        9.44443703e-01,  3.03242922e-01,  3.50826561e-01,  6.10054553e-01,
       -6.63641751e-01, -6.78494513e-01,  4.75481123e-01,  1.03451140e-01,
        5.89605272e-01, -6.50150239e-01,  1.33160025e-01,  3.25445920e-01,
        7.99055398e-02,  1.70772210e-01,  1.24390364e+00,  8.30856152e-03,
       -8.59669566e-01, -1.17002904e+00, -3.64926487e-01,  5.61332941e-01,
        1.22067380e+00, -2.55194336e-01,  6.46964371e-01,  7.43755177e-02,
        3.42672408e-01,  6.33230269e-01, -9.62762773e-01,  1.01875804e-01,
        1.86868787e-01,  1.17316175e+00, -6.53595567e-01,  2.01225787e-01,
        3.26452792e-01, -9.95116293e-01,  3.10832679e-01,  9.06054974e-01,
       -2.14745268e-01, -1.19891167e+00, -3.36695403e-01,  5.42784274e-01,
       -5.06604970e-01,  5.36194205e-01, -2.05913782e-01,  1.02532375e+00,
        8.28857839e-01, -9.87760544e-01, -5.36536813e-01, -1.86233580e-01,
        1.03412318e+00,  1.42721283e+00,  7.85173297e-01, -2.41743669e-01,
       -4.06644166e-01, -1.16362058e-01, -3.68172735e-01,  6.02140069e-01,
        1.39944839e+00,  2.36450583e-01,  1.06546092e+00, -8.54012012e-01,
        2.58638918e-01,  1.11558044e+00,  4.82693851e-01,  2.01830387e+00,
       -3.94934535e-01, -1.10945605e-01, -4.78009321e-02,  3.39612007e-01,
        3.87488604e-02, -2.91877121e-01,  3.35789412e-01,  3.88327867e-01,
       -5.44406831e-01,  7.04292655e-01, -6.42751694e-01,  1.16953418e-01,
       -1.01963006e-01, -8.17276955e-01, -7.94380426e-01, -5.94350934e-01,
       -6.47132039e-01, -1.61655411e-01,  2.29505181e-01,  8.37467134e-01,
        1.72041106e+00, -3.09744388e-01, -9.27895188e-01, -4.95179504e-01,
        6.71976089e-01,  5.19832969e-01,  1.16078424e+00, -5.18962502e-01,
        3.51652026e-01,  8.44444096e-01,  1.32559866e-01,  4.81346130e-01,
        3.48685473e-01,  4.15358782e-01,  2.30417252e-01, -9.03862059e-01,
        2.22314566e-01, -2.50859439e-01,  1.25215426e-02, -6.50417864e-01,
        9.04672667e-02,  1.46467066e+00,  8.21945369e-01,  6.72300220e-01,
       -2.22637936e-01,  2.74908394e-01, -1.81270882e-01, -7.12636471e-01,
       -8.45252275e-01,  8.38750422e-01, -4.80900198e-01,  1.49320671e-03,
        1.07386899e+00, -2.03498438e-01,  1.00637031e+00, -3.86601716e-01,
       -6.97759613e-02,  3.30025762e-01, -9.80364755e-02, -1.15398276e+00,
        1.01480913e+00, -5.07883012e-01,  4.31055874e-02,  3.21106136e-01,
       -9.29438293e-01,  1.41289115e-01, -7.94057250e-01, -1.70332503e+00,
        2.19492704e-01,  1.29006475e-01,  4.01177287e-01,  3.34128052e-01,
       -9.72048104e-01,  5.91259539e-01,  1.27285743e+00,  4.70810145e-01,
       -5.44254899e-01,  4.42726284e-01, -4.31446493e-01,  1.08966434e+00,
       -1.42524883e-01,  1.09264374e-01, -4.39903110e-01, -4.22513545e-01,
       -1.44280404e-01,  1.03992961e-01, -8.21527481e-01,  1.97748855e-01,
       -2.10893780e-01, -2.93862760e-01,  2.33582050e-01, -9.19642866e-01,
        4.30773310e-02, -3.48860383e-01,  3.73494215e-02, -1.46986961e-01,
        4.63967174e-01, -2.89893419e-01, -5.96685633e-02, -4.28385884e-01,
        2.07052872e-01, -9.99135748e-02,  6.47107482e-01,  5.32555282e-01,
       -2.88207173e-01, -1.03579593e+00, -6.99248195e-01, -1.02513027e+00,
        2.18707874e-01,  8.89651418e-01,  1.39233804e+00, -5.82949460e-01,
        8.80177394e-02,  7.26638854e-01, -4.92717385e-01, -1.18567124e-01,
       -2.34635532e-01,  1.95652619e-01, -1.28556871e+00,  3.60704094e-01,
       -3.32569897e-01, -1.19003952e+00, -5.14285624e-01,  2.92349696e-01,
        4.52651948e-01, -1.25813812e-01, -5.40047169e-01, -1.67884231e-01,
        8.59896243e-01, -4.65646029e-01, -4.47196782e-01,  2.08836734e-01,
       -1.35287866e-01, -3.41298103e-01,  7.19803125e-02, -8.55422497e-01,
        1.82459578e-01, -1.58195698e+00, -3.21124583e-01, -7.55170882e-01,
        8.17422092e-01, -4.72783953e-01,  1.33042812e+00, -1.02046549e+00,
        5.48404992e-01, -1.74130276e-02, -9.35249850e-02,  5.75516403e-01,
        5.67626595e-01, -5.12014031e-02,  6.62363946e-01,  2.70374358e-01,
       -1.24985375e-01, -1.12861955e+00,  2.46204600e-01, -1.14935005e+00,
        1.58479667e+00,  7.77234375e-01, -1.28498244e+00, -1.06878114e+00,
       -3.63702923e-01, -7.59532332e-01,  3.29920053e-01,  4.49990302e-01,
        2.10084647e-01, -1.33675680e-01, -4.90825862e-01, -1.50583172e+00,
       -1.81095243e-01,  1.01289594e+00, -3.55247498e-01,  2.03761145e-01,
       -1.27490461e+00, -6.83856845e-01, -2.68138081e-01, -6.81135178e-01,
       -5.58835566e-01,  9.06834900e-01, -8.24519753e-01,  4.96992499e-01,
        5.84999979e-01, -1.14145672e+00, -1.49521124e+00,  3.73955280e-01,
        6.40145838e-01, -4.31292474e-01,  7.72255182e-01,  1.21146286e+00,
        7.47762918e-01, -1.85154811e-01,  1.55700183e+00,  6.89451993e-01,
        3.00980717e-01, -3.78619969e-01, -1.87456697e-01, -4.42200303e-02,
        7.65152216e-01, -9.03706372e-01, -6.46248996e-01, -1.89476505e-01,
       -3.06895733e-01,  4.97319341e-01, -4.41935778e-01,  6.09349787e-01,
       -4.14815128e-01, -2.68396497e-01,  1.67727113e-01, -1.08743168e-01,
       -6.18510604e-01, -9.25211370e-01,  9.73274708e-01, -3.21523249e-01,
        2.92006642e-01,  4.77686599e-02,  3.40232968e-01,  3.19373071e-01,
        3.35396588e-01,  6.43285066e-02,  1.19197989e+00,  6.57936633e-02,
       -8.89705181e-01, -2.62689948e-01,  5.59135973e-01,  3.36355209e-01,
        3.29532504e-01,  4.09596004e-02, -7.05010712e-01, -1.27002561e+00,
       -1.02800161e-01, -8.71117488e-02, -5.90034544e-01, -5.95017314e-01,
       -7.76970744e-01,  2.91273981e-01,  3.68414432e-01, -3.17268819e-01,
       -4.04716469e-02, -1.57586396e-01, -2.58264273e-01,  5.38413048e-01,
       -6.18304133e-01,  7.62195110e-01, -5.86757541e-01, -2.50055790e-01,
       -9.30468515e-02,  5.09968817e-01, -2.04862654e-01, -1.12825704e+00,
        4.49726164e-01, -5.94304800e-01,  2.94622689e-01,  2.53698528e-01,
        4.09444213e-01,  4.77828234e-01,  1.13529056e-01,  5.59431434e-01,
        6.97769970e-02, -2.28074312e+00, -3.12930077e-01,  2.00040197e+00,
       -4.10460740e-01, -3.22964519e-01, -1.21344090e+00, -8.44663322e-01,
       -1.56968936e-01,  5.60179174e-01,  3.55920613e-01, -1.66421819e+00,
        1.62847388e+00, -6.44633472e-01, -2.91657299e-01, -7.64661372e-01,
       -7.62439549e-01, -7.30372310e-01,  4.56157684e-01,  7.54770815e-01,
        3.84040207e-01,  4.50754881e-01, -9.39917088e-01,  1.14961281e-01,
       -1.36756206e+00,  4.63683516e-01,  1.92023069e-01,  8.38010371e-01,
       -7.37603784e-01,  1.12231934e+00,  3.22782695e-01,  7.34313905e-01,
        4.01634812e-01,  1.59623444e-01, -6.51866853e-01,  4.18182164e-01,
       -1.21178484e+00, -2.83862669e-02,  8.86270329e-02,  3.32668453e-01,
       -5.31380028e-02, -3.89011234e-01,  4.72806156e-01, -3.86241049e-01,
       -1.62574768e-01, -5.76570988e-01,  9.34949815e-01,  6.28641486e-01,
        1.80943921e-01,  1.13327444e-01, -6.95338547e-01, -6.40068591e-01]), 'stl': [('G[1,7] ( b(t) > b(T) ) ^ F[8,14] ( b(t) > c(high) ) ^ G[15,T] ( b(t) <= c(mid) )', array([ 6.84883833e-01,  9.58773613e-01, -3.26701570e+00, -8.51052523e-01,
        4.37947094e-01, -3.23421836e-01,  1.71671838e-01,  3.71533871e-01,
       -3.61931860e-01,  1.01660304e-01, -8.67918074e-01,  1.08377147e+00,
        8.12105715e-01, -2.54014730e-01,  1.36144638e+00, -6.98747486e-02,
        1.95808262e-02, -2.73637623e-01,  4.11027431e-01,  6.05330050e-01,
       -1.11569905e+00, -6.43653989e-01, -2.14823574e-01, -1.62382305e-01,
        1.36019552e+00,  2.35505700e-01, -3.92856061e-01, -4.06078339e-01,
       -3.18461627e-01,  1.63713336e-01,  5.91340125e-01, -1.44070044e-01,
        7.21128941e-01, -9.16915417e-01, -1.08002877e+00, -1.72622189e-01,
        1.46411800e+00,  1.59828758e+00,  2.00514734e-01, -2.44915873e-01,
        2.53816992e-01, -5.45331538e-01, -2.59177446e-01, -8.58423531e-01,
       -6.81032300e-01,  3.42402399e-01,  1.20018387e+00,  5.54595590e-01,
       -3.99733603e-01, -5.70760489e-01, -5.03978252e-01,  5.38721442e-01,
        5.89065790e-01, -1.30489588e+00, -4.97678816e-01,  1.21395922e+00,
       -3.18642735e-01, -3.06198120e-01,  5.90970635e-01,  1.74467310e-01,
        1.55870342e+00,  5.78156531e-01, -1.17704451e+00,  8.15830588e-01,
        3.80794793e-01, -2.83240587e-01, -9.73263621e-01, -2.35573903e-01,
       -1.34815884e+00, -1.24702430e+00,  1.02654243e+00, -2.20012993e-01,
        3.12666595e-01, -1.83460359e-02, -1.02100086e+00, -3.53043169e-01,
       -5.65774322e-01, -7.99480438e-01, -2.14533716e-01,  7.35622272e-03,
       -6.81608357e-03,  2.66678393e-01,  1.43671274e+00,  6.28198624e-01,
       -5.56435704e-01, -6.44249916e-01,  6.58875585e-01,  1.92402720e-01,
       -1.15242100e+00,  1.13502073e+00, -4.29784227e-03, -2.30366021e-01,
        5.02801776e-01,  2.55359411e-01, -1.79683185e+00,  1.33229345e-01,
        4.80486304e-02,  3.30635130e-01,  3.24750468e-02, -7.74803042e-01,
       -2.07278743e-01, -5.87942839e-01, -2.82444417e-01,  2.21323460e-01,
        1.56907022e-01,  6.59818649e-01,  6.35521531e-01, -6.14778340e-01,
       -7.29155540e-01, -2.38894261e-02, -5.80744088e-01, -7.86528587e-02,
       -6.22561216e-01, -1.19090736e+00, -3.90345722e-01, -7.62540549e-02,
        6.29355907e-02, -7.72768021e-01, -2.75129080e-01,  3.67479682e-01,
       -2.66645163e-01,  3.40063304e-01, -7.00451672e-01,  8.23251486e-01,
        7.69423414e-03,  1.28040516e+00, -5.47482193e-01,  8.24206024e-02,
        8.06134224e-01, -1.01525772e+00,  6.21976614e-01, -7.61492133e-01,
       -1.95857838e-01,  2.65582949e-01,  1.08634138e+00,  1.73747575e+00,
       -2.58147307e-02, -1.45882508e-02, -5.16854763e-01,  5.55143714e-01,
       -4.96446639e-01, -9.45614457e-01,  2.07843021e-01, -9.04676676e-01,
       -1.76320523e-01, -6.75661787e-02,  1.12500501e+00, -7.73829341e-01,
       -1.76469982e-01, -1.41909420e-01,  4.33544695e-01,  4.64276761e-01,
        8.93244028e-01,  4.68508184e-01,  1.13696253e+00, -3.03994775e-01,
        1.14427435e+00,  5.11516094e-01, -1.03842556e-01, -9.03239772e-02,
       -1.51561752e-01, -1.99307501e-01, -1.74954057e-01,  6.32862747e-02,
       -1.18283868e+00, -2.61718810e-01,  3.36387306e-01,  6.50578141e-01,
        4.47872102e-01,  2.69149005e-01, -1.50628507e+00, -5.83856344e-01,
       -4.63738322e-01, -4.05791730e-01, -1.57416701e-01,  4.38155115e-01,
        6.10973835e-01, -9.57797110e-01,  2.23594323e-01,  3.67100745e-01,
        6.15455925e-01, -5.67192793e-01,  8.43670607e-01,  6.90076649e-01,
        7.36058235e-01,  9.03953463e-02, -1.43074870e-01, -1.14551201e-01,
       -8.78394186e-01,  5.98861337e-01, -3.25113177e-01,  8.79245639e-01,
       -9.77628946e-01, -4.31094766e-02, -7.59636223e-01, -1.16235234e-01,
        1.42729282e+00,  4.17481542e-01, -5.67211583e-02, -3.81281674e-01,
       -8.61440182e-01, -2.41066739e-02,  2.22066209e-01, -2.70123221e-02,
       -6.84808552e-01,  9.87154186e-01, -7.36022890e-02,  1.39526558e+00,
       -4.23460603e-01,  1.79968774e-05,  3.05446684e-01, -6.02817059e-01,
       -3.68202068e-02,  1.22644484e+00, -2.11528353e-02, -4.87558663e-01,
       -5.16806364e-01, -2.01429218e-01,  5.77142835e-01,  6.69222176e-01,
        3.84328872e-01, -5.14685690e-01, -7.50446990e-02,  1.94280341e-01,
        1.15647388e+00,  1.59119979e-01, -1.08227837e+00,  1.57813236e-01,
       -2.55430579e-01, -2.68678129e-01,  2.17761278e-01,  4.62522149e-01,
        8.85956526e-01, -3.19457203e-01, -4.03239548e-01,  3.36378098e-01,
        6.12638712e-01,  6.31857693e-01,  6.31169796e-01,  9.23048615e-01,
       -6.54186130e-01,  1.40326340e-02, -2.56511480e-01, -4.70745325e-01,
       -1.28970003e+00,  1.18709898e+00, -3.09163630e-01, -4.51834440e-01,
        4.25910652e-01,  7.37496734e-01,  1.99690089e-01, -1.82828382e-01,
        8.61209512e-01,  8.85752857e-01,  5.14062420e-02, -3.55208218e-01,
       -1.14250922e+00, -1.39942095e-01, -3.48305941e-01, -7.06415892e-01,
       -1.51079148e-01, -8.17037702e-01,  8.84894609e-01, -9.87331271e-01,
       -9.50349927e-01, -2.04233527e-01, -2.61764765e-01, -9.37184334e-01,
        2.77995348e-01, -2.71375597e-01, -3.17504585e-01,  1.03567529e+00,
        9.12115097e-01,  1.89908132e-01, -9.20382798e-01, -5.96554518e-01,
        3.45576525e-01, -4.29521114e-01, -4.33106661e-01,  5.08705735e-01,
       -7.36236811e-01, -5.33079028e-01, -3.62383902e-01, -4.26308215e-01,
       -4.45996642e-01,  6.16140246e-01,  8.58065903e-01, -6.63208310e-03,
       -4.17188525e-01,  1.18924022e+00,  4.99258310e-01,  6.34936929e-01,
        6.77009225e-01,  1.79454231e+00,  3.94788504e-01, -2.87361592e-01,
        8.32623005e-01, -5.06412148e-01, -6.41850904e-02, -5.98508000e-01,
       -3.07403773e-01, -1.72289491e-01,  2.36507267e-01,  9.28617537e-01,
       -3.58672976e-01, -6.97254837e-01,  1.69034362e-01, -8.57725978e-01,
       -1.95413992e-01,  4.36966181e-01, -5.93454719e-01, -2.20937848e-01,
       -3.82833749e-01,  7.74514452e-02, -6.03561878e-01, -1.24863766e-01,
        2.21360356e-01,  3.56446445e-01,  5.86376011e-01,  1.44358069e-01,
        1.11775398e-01, -1.15214348e+00, -8.28112125e-01, -1.50576222e+00,
       -2.42635071e-01,  1.01763189e+00, -9.78741527e-01,  4.31214392e-01,
       -8.18481922e-01, -7.86604047e-01,  5.17853916e-01, -1.52320459e-01,
        5.71275711e-01, -1.92769676e-01, -8.55994701e-01,  5.87693214e-01,
        5.60958743e-01,  3.98659438e-01,  2.02474087e-01,  4.89905894e-01,
       -3.80216241e-02, -3.08808982e-01,  6.21106923e-01, -8.32297444e-01,
        3.18200052e-01, -1.39488071e-01, -6.59525514e-01, -7.86724210e-01,
       -9.64925736e-02,  6.88360214e-01, -6.43853247e-01, -1.06111474e-01,
       -1.97083294e-01, -3.44416529e-01,  8.08184624e-01,  3.98905784e-01,
        5.61472893e-01,  4.87807006e-01,  8.42977129e-03, -2.52308965e-01,
        3.71280044e-01, -9.19467881e-02, -8.20531100e-02,  1.01928324e-01,
       -1.82477221e-01,  6.20807409e-01, -5.40050447e-01,  7.44678140e-01,
        7.23241568e-01,  3.44434410e-01,  2.66300619e-01,  7.49054179e-02,
        1.02872610e+00,  9.78109956e-01,  1.51044667e-01, -4.08799648e-02,
       -1.28418922e-01, -2.41479009e-01, -2.57002264e-01,  4.37514842e-01,
        1.19660902e+00, -7.48446941e-01,  7.12335587e-01, -1.46879554e-01,
        6.40803814e-01,  1.12401769e-01, -9.88632202e-01, -5.34371555e-01,
        5.73452264e-02,  6.93943441e-01, -1.65752739e-01, -6.55925512e-01,
       -4.59134132e-01, -1.66494027e-01,  1.57667190e-01, -1.54474840e-01,
        6.85829461e-01,  4.92923439e-01, -3.89792882e-02,  3.14923227e-02,
       -2.79009283e-01, -9.38307524e-01,  1.21154618e+00, -3.68234277e-01,
       -1.04658596e-01,  2.90254056e-01, -1.58336572e-03, -6.82814777e-01,
        1.42852068e+00, -7.98606634e-01,  4.09016579e-01,  8.61354619e-02,
        9.89270210e-02, -1.47545159e+00,  9.20449570e-03,  5.44633493e-02,
        1.30869699e+00,  1.18674085e-01,  2.49502003e-01,  6.27722144e-01,
        1.11689234e+00,  6.63424551e-01, -1.11306876e-01,  6.63452297e-02,
        6.78379089e-02,  8.49421382e-01, -9.31873679e-01, -1.47619024e-02,
       -3.26484203e-01, -9.79444206e-01,  5.89485407e-01, -7.59236887e-02,
       -2.51612753e-01, -3.66464913e-01, -4.45883870e-01,  3.24263215e-01,
       -6.41577423e-01, -2.12448180e-01,  5.81419706e-01,  1.20830297e+00,
        1.18738341e+00, -1.66694582e+00, -8.93961728e-01, -4.92240787e-01,
        9.28719699e-01,  7.54263163e-01,  4.04552400e-01, -1.30890191e+00,
       -4.76158619e-01, -3.02588698e-02,  1.91297650e-01,  6.09561801e-01,
        4.75621015e-01,  9.75075185e-01,  1.06534028e+00, -1.36200976e+00,
        3.37736517e-01,  4.65841174e-01,  2.79359221e-01,  6.02518678e-01,
       -1.24715924e-01,  9.32374954e-01, -1.21209645e+00,  8.64565745e-02,
        7.24797904e-01, -4.05944884e-01,  3.07813883e-01,  4.72137719e-01,
        1.20551896e+00,  1.36904991e+00, -2.49438450e-01,  4.34686393e-01,
        3.73585492e-01, -1.20312393e+00, -1.14593220e+00, -6.83943272e-01,
       -1.38060474e+00, -4.12958622e-01,  4.14534122e-01,  3.49702716e-01,
        6.13263011e-01, -2.53163934e-01, -4.25551355e-01,  3.96082461e-01,
        2.91982293e-01,  5.86002707e-01,  1.94860585e-02, -1.33440053e+00,
        8.83568287e-01, -2.27949843e-01, -4.29845631e-01,  3.81818056e-01,
        5.36528766e-01,  6.85170293e-01,  2.97285259e-01, -5.83175123e-01,
        1.77773520e-01,  5.00018358e-01,  8.36933613e-01, -4.65580821e-01,
        5.76465666e-01,  1.42636490e+00, -1.35344431e-01,  6.14046693e-01,
       -2.06133202e-02, -2.01259762e-01, -3.57297659e-01, -5.52426457e-01,
       -1.01961088e+00,  1.81306744e+00, -8.34316432e-01, -3.16136420e-01,
        1.64027214e+00,  1.90005854e-01, -3.18029284e-01, -9.75479841e-01,
        4.04964983e-01,  3.02845776e-01, -5.10239244e-01,  5.38081340e-02,
        1.95580411e+00, -1.03516293e+00, -5.68714619e-01, -8.71758938e-01,
       -2.35667706e-01,  8.40218186e-01, -7.02044964e-01, -1.11645675e+00,
        5.65240026e-01, -2.78933227e-01, -1.94819942e-01, -5.75043321e-01,
        5.30694485e-01, -1.98050752e-01, -4.38906960e-02,  1.03156283e-01,
       -4.49559927e-01,  1.31731391e+00,  9.66886401e-01, -3.50719206e-02,
        4.80721027e-01,  4.35293987e-02, -6.51927292e-01, -1.25924408e-01,
       -1.55892655e-01, -3.46183866e-01, -1.38264775e+00,  2.98514903e-01,
        7.37590194e-01, -6.87753677e-01, -2.24640846e-01, -5.89857340e-01,
        1.38833970e-01, -5.12042828e-03,  3.21831882e-01, -8.97613883e-01,
       -1.55395493e-01, -7.97402501e-01, -9.96413231e-02,  3.06433797e-01,
        8.54660749e-01,  7.29947537e-02,  1.43389559e+00,  5.94092846e-01,
        5.53466737e-01, -1.12205243e+00,  1.08986355e-01, -1.44896165e-01,
        4.43690777e-01,  5.50367497e-03,  4.65401590e-01, -7.62355924e-01,
       -3.45026761e-01,  5.05709529e-01,  3.51010174e-01,  4.15280610e-01,
       -6.51257157e-01,  9.78735387e-01, -1.24614656e+00, -1.14090455e+00,
       -3.20815563e-01, -4.77376342e-01,  4.77788150e-01,  3.80356103e-01,
       -5.73303103e-01,  3.46307218e-01, -1.63223648e+00,  1.35226071e-01,
        1.70185769e+00, -1.53871909e-01,  2.25404322e-01,  3.42642546e-01,
       -3.64545435e-01, -2.16607917e-02,  8.39583158e-01, -5.24913311e-01,
       -5.69634914e-01, -1.17816293e+00, -4.21479076e-01, -9.59408641e-01,
        1.13952780e+00,  9.68614072e-02,  1.47864330e+00, -9.88124013e-01,
        2.44491264e-01,  1.27298117e+00,  3.57396305e-01, -1.97930068e-01,
       -3.64075720e-01, -4.91437688e-02,  8.73303473e-01,  9.41668391e-01,
        8.55463147e-02, -5.81887245e-01,  3.36810082e-01, -7.78854936e-02,
        9.77163196e-01,  6.84942976e-02, -3.76597017e-01, -7.90506840e-01,
       -7.24691689e-01, -1.35656595e+00,  4.18203205e-01,  2.40668029e-01,
        5.97237825e-01, -8.47664118e-01, -6.50701165e-01, -5.29435337e-01,
        4.78079796e-01, -2.02724263e-02, -5.27899265e-01,  3.91967177e-01,
       -1.29017031e+00, -1.06142199e+00, -5.53731740e-01,  5.69053054e-01,
       -1.70339072e+00,  1.31525588e+00, -1.01552956e-01,  1.52816415e+00,
        1.62060753e-01, -8.31749916e-01, -3.96601200e-01,  7.35919714e-01,
        1.81274071e-01, -4.85182345e-01,  1.03612125e+00,  3.59118730e-01,
        5.65456152e-01, -8.58662963e-01,  1.50677752e+00,  1.52167583e+00,
       -8.41594458e-01, -1.31492466e-01, -8.23952794e-01, -1.41387439e+00,
        7.04907894e-01, -3.08735728e-01,  1.10759839e-01, -1.06832790e+00,
       -5.32808542e-01, -3.02826345e-01,  3.04023981e-01,  7.85862982e-01,
        4.77114886e-01,  5.16007781e-01,  8.10856581e-01,  3.38555396e-01,
       -1.10855007e+00, -6.80128515e-01, -5.35330623e-02, -4.73520875e-01,
       -3.63183022e-02,  3.01815510e-01, -4.18196648e-01,  1.31039858e+00,
        4.09592465e-02,  5.72450697e-01, -5.60255684e-02,  3.80572617e-01,
        7.62846097e-02, -6.47348344e-01,  1.03907943e+00, -2.00539276e-01,
       -2.39056677e-01, -7.56688416e-01,  7.90980637e-01,  7.47035667e-02,
        7.52611279e-01, -1.71553791e-01, -7.75956750e-01,  2.46280283e-01,
        3.18349600e-01, -1.32068217e-01, -7.20789075e-01,  9.01838392e-03,
       -9.84257042e-01,  3.36019211e-02, -1.55833900e-01,  5.64356089e-01,
       -9.66312170e-01, -4.55535769e-01, -3.87085617e-01, -4.07928787e-02,
       -8.10971975e-01,  5.47297120e-01,  1.77033860e-02, -7.44543672e-01,
       -5.38467228e-01,  4.41842079e-01, -4.59651351e-01,  1.40181724e-02,
       -3.18835497e-01,  1.11986530e+00,  1.49778152e+00,  5.57497859e-01,
       -8.08015466e-01, -1.00494504e+00,  1.57286659e-01,  4.14741278e-01,
        5.89222275e-02,  1.27082661e-01, -1.11834729e+00, -1.80713999e+00,
       -5.96369743e-01, -5.84264398e-01,  4.67057377e-02, -1.15499949e+00,
        4.54497695e-01, -4.72389579e-01,  2.09692180e-01, -5.09137452e-01,
       -4.39259768e-01,  3.86515647e-01,  3.83283228e-01,  4.68673930e-02,
       -5.91371298e-01, -1.14595532e+00,  1.76719576e-01,  3.86733115e-01,
       -1.22131240e+00,  4.50729132e-01, -2.66024590e-01,  3.18260491e-01,
        1.42688319e-01,  1.25839233e+00, -9.12056863e-02,  7.22042322e-01,
        1.72969609e-01,  2.22324535e-01,  4.37028706e-01, -6.91271722e-02,
       -1.14139962e+00,  3.32891047e-01,  2.94138014e-01,  7.87614733e-02,
       -6.27439618e-02,  1.00952816e+00,  1.69249201e+00, -2.63382226e-01,
        1.03647530e-01, -9.24079120e-02,  1.23503518e+00,  4.88482237e-01,
       -3.20483029e-01, -6.67025149e-02, -1.03434849e+00, -9.54567492e-01]))], 'literal': [('From day 1 to 7, the concentration of IL-1β was always greater than its final level, and between day 8 and 14, the concentration of IL-1β was eventually greater than its high levels, and from day 15 onwards, the concentration of IL-1β was always less than or equal to its moderate levels.', array([ 1.15351069e+00,  5.16297102e-01, -4.05494356e+00,  2.27072351e-02,
        1.44713008e+00,  5.10113060e-01,  2.13245735e-01,  9.65248570e-02,
       -4.80685420e-02, -9.39197063e-01, -7.55927801e-01,  9.11561400e-02,
        1.05767596e+00,  1.13711846e+00,  2.19795632e+00, -9.16395783e-01,
       -9.76109579e-02, -1.06010532e+00, -5.66243231e-01,  4.63103384e-01,
       -7.60494828e-01, -2.34377831e-01, -4.07526195e-02, -2.58758485e-01,
        7.39403963e-01,  1.86251998e+00, -1.42880738e+00, -3.62427801e-01,
       -5.45387089e-01, -7.53268957e-01,  5.61781585e-01, -1.50227058e+00,
        3.03074330e-01, -1.11426580e+00,  7.07558334e-01, -4.00099941e-02,
       -2.65988405e-03,  3.57884616e-01,  4.12158638e-01, -2.23999888e-01,
        3.34412575e-01, -1.71556756e-01,  1.10419691e+00, -5.87261736e-01,
       -6.58184111e-01,  7.49485195e-02,  2.64382996e-02,  1.88409173e+00,
        1.09194613e+00, -5.65700889e-01,  7.76353240e-01, -1.85535163e-01,
       -3.92352015e-01, -2.61614412e-01,  1.79886568e+00,  5.04656911e-01,
       -6.17193401e-01, -1.33935332e+00,  1.74931899e-01, -1.56032339e-01,
        2.22046041e+00,  2.15277106e-01, -7.40850925e-01,  4.70525861e-01,
        3.04693252e-01, -5.58712900e-01, -5.30667365e-01,  4.73914772e-01,
       -1.79101348e-01, -9.63222384e-01,  5.33371270e-01, -4.60168391e-01,
       -4.80719283e-02, -4.34460640e-01,  4.97108310e-01,  1.60871483e-02,
        5.46175122e-01, -5.00180304e-01, -8.92948091e-01,  6.43171608e-01,
        9.94747519e-01,  2.29542255e-01,  1.35353243e+00, -3.37799519e-01,
        1.31504166e+00,  1.05440748e+00,  3.67859122e-03, -1.52799174e-01,
       -3.34472716e-01,  2.10625648e+00,  6.62687063e-01,  9.18615833e-02,
        5.47033191e-01,  4.74739313e-01, -1.27463460e+00, -1.63805142e-01,
        2.22584680e-01,  7.86907136e-01, -1.31732988e+00, -2.73359835e-01,
        5.04750788e-01, -1.74336746e-01, -6.61967173e-02,  4.09580469e-02,
       -1.56161264e-02,  6.66088939e-01,  4.45765793e-01, -6.40579700e-01,
       -6.56628728e-01, -3.19964230e-01, -1.75340557e+00, -5.70719182e-01,
       -3.98303449e-01, -4.26532239e-01,  8.99711967e-01,  8.52325559e-01,
        4.68222976e-01, -5.34535348e-01, -2.74795741e-01, -2.90279210e-01,
       -3.89298648e-01, -6.93214595e-01, -5.67631543e-01,  1.46168053e-01,
        7.40957081e-01,  6.40461028e-01, -2.30879754e-01,  6.76533818e-01,
       -4.69146110e-02, -1.65551829e+00,  5.62991500e-01, -5.81200570e-02,
       -5.91228068e-01, -9.49678011e-03,  1.77573532e-01,  1.65557683e+00,
       -1.15422189e-01, -1.45713195e-01,  1.77136958e-01, -7.64513686e-02,
        3.46911520e-01, -4.14784849e-02,  3.78306895e-01, -4.70496938e-02,
       -3.38281453e-01,  2.10106269e-01,  9.81882334e-01, -1.00041103e+00,
       -1.04252315e+00,  1.00328708e+00, -4.11177963e-01,  3.61119211e-01,
       -4.81208950e-01,  5.60569912e-02,  3.75848240e-03, -9.61059988e-01,
       -5.80076814e-01,  1.36035061e+00,  2.05124378e-01,  1.59289703e-01,
        3.67745876e-01, -2.44003132e-01, -5.06479144e-01, -4.09074277e-02,
       -9.47580412e-02, -8.09325814e-01, -7.59832680e-01,  1.26661253e+00,
        2.50435352e-01,  1.48585522e+00, -5.55400550e-01, -9.04289544e-01,
       -6.49072409e-01, -1.85747370e-01,  3.58852059e-01,  6.76077008e-01,
        2.50864215e-03, -1.15919375e+00,  6.52313232e-01, -2.87972867e-01,
        4.68155056e-01, -6.30396307e-01,  2.59977758e-01, -1.53413624e-01,
        9.35479939e-01, -1.04817760e+00, -2.21123725e-01, -4.99182045e-01,
       -1.65767467e+00, -3.40126723e-01, -3.25607985e-01,  1.90232426e-01,
       -9.17091846e-01, -6.43636107e-01, -7.29265749e-01, -1.52733698e-01,
        1.56026185e+00, -8.72989118e-01,  6.69904232e-01, -7.12370515e-01,
       -8.85416389e-01, -1.98517248e-01,  5.09876013e-01, -8.58571604e-02,
       -1.09133315e+00,  1.50732648e+00, -4.13941324e-01,  1.25304282e+00,
       -8.58214572e-02, -5.01957297e-01,  1.88257828e-01, -6.62309051e-01,
       -4.45528537e-01,  9.80386585e-02,  5.01718760e-01, -5.02684593e-01,
       -2.53538817e-01,  1.49709001e-01,  3.08730215e-01,  5.28728247e-01,
        4.34307367e-01, -9.15129576e-03, -4.16201502e-01,  2.70389050e-01,
        1.03799796e+00,  6.13783777e-01, -4.08247679e-01,  2.24605232e-01,
       -1.47732532e+00, -6.78563938e-02,  2.65816510e-01, -5.72223961e-01,
        3.65816176e-01, -3.03472072e-01, -8.67656469e-01,  6.26936674e-01,
       -7.06763566e-01,  4.89450872e-01,  5.27538598e-01, -2.58577392e-02,
       -6.54847562e-01, -2.27191113e-02,  2.60563999e-01,  6.91793486e-02,
       -1.76863480e+00,  5.00652313e-01, -3.47218543e-01, -1.23179722e+00,
       -5.17668799e-02,  1.03422749e+00, -6.08833134e-01,  7.61886060e-01,
        1.03976846e+00,  2.00433806e-01,  9.84596908e-01, -5.92785537e-01,
       -2.43012354e-01,  2.10913971e-01,  1.88829973e-01, -4.63410139e-01,
        3.02766114e-01, -1.26155162e+00,  7.48654842e-01, -6.58167243e-01,
       -4.40682471e-01,  7.57591799e-02, -2.97866017e-01, -4.48929816e-01,
        1.65836960e-01, -6.58644378e-01,  5.54962099e-01,  6.38738096e-01,
       -4.28318083e-01,  1.16118503e+00, -2.68496871e-01,  2.89934367e-01,
        4.54673052e-01,  2.55294442e-02, -2.18759447e-01,  2.76498318e-01,
       -3.93733293e-01,  1.40573367e-01, -7.51537502e-01, -5.63471138e-01,
       -8.60201061e-01,  5.35674572e-01,  1.37451828e+00, -1.15674520e+00,
        2.04527378e-01,  2.73153812e-01,  3.99023265e-01, -5.87774038e-01,
        2.32440710e-01,  2.02651501e-01,  2.34149754e-01,  6.17189348e-01,
        1.08990264e+00, -1.61677730e+00, -3.25290561e-01, -8.94863188e-01,
        7.54710138e-01,  6.51489258e-01,  1.01099515e+00,  1.62670106e-01,
        3.42474580e-01, -2.57329911e-01, -3.01280171e-01, -1.43442497e-01,
       -3.24230194e-01, -2.66830325e-01, -1.03881383e+00,  4.71025378e-01,
       -5.16778767e-01,  9.10341799e-01, -8.33577275e-01,  4.32244062e-01,
        1.03978086e+00,  1.21444607e+00,  7.88102150e-01, -1.72627658e-01,
        1.33224785e-01, -9.13919926e-01,  5.24185076e-02, -1.30954516e+00,
        4.21840668e-01,  4.50220138e-01, -1.79179713e-01,  1.35245606e-01,
       -1.53731093e-01,  1.86069340e-01,  2.45765120e-01, -8.79953951e-02,
        6.76701903e-01, -1.98361456e-01, -7.47979939e-01,  1.06502247e+00,
       -7.08103597e-01,  2.15315536e-01, -1.04936376e-01,  9.03295219e-01,
        2.76583731e-01, -4.41353351e-01,  4.64104712e-01, -3.87524545e-01,
        7.51763582e-01, -2.00286627e-01, -7.41918683e-01, -5.66013694e-01,
        4.02297080e-01,  2.60178208e-01,  4.15771417e-02, -2.11589396e-01,
       -7.55045652e-01, -3.87894243e-01,  3.33674163e-01, -1.21760383e-01,
        4.26622629e-01,  9.01035547e-01, -3.42001379e-01, -1.22969791e-01,
        2.33969286e-01, -7.32246995e-01,  5.86951897e-02, -7.00950146e-01,
        1.51718780e-02,  1.10404921e+00,  5.83602250e-01,  8.53103280e-01,
        7.54444957e-01,  4.38207507e-01, -3.66872609e-01,  7.43290544e-01,
        2.70302445e-02,  1.54860234e+00,  1.20867237e-01,  1.91351458e-01,
       -7.64565170e-01,  4.74341989e-01, -9.33603168e-01,  4.78532314e-02,
        8.92511904e-01, -6.41666949e-01, -3.31900232e-02,  8.30868185e-01,
       -3.03139836e-01, -6.05915427e-01,  3.74356210e-01, -7.54788458e-01,
        4.12628770e-01,  2.43086055e-01,  1.47662103e-01, -8.96023512e-01,
        1.37630984e-01, -1.28534406e-01,  8.58633935e-01, -2.94675678e-01,
        4.08306807e-01,  6.28643036e-01,  2.83658803e-01,  5.53460777e-01,
       -3.22396725e-01, -4.64527756e-01,  4.26194221e-01, -2.09627554e-01,
        1.98526487e-01, -4.42340493e-01, -5.31593144e-01,  3.01078707e-01,
       -1.73571333e-01,  3.45330447e-01,  9.95987236e-01,  6.51105762e-01,
       -1.08621955e+00, -1.00750995e+00, -4.46053408e-02,  7.44579196e-01,
        1.44268608e+00, -1.84907407e-01,  1.29794702e-01, -6.61103353e-02,
        6.14997804e-01,  7.68435180e-01, -1.12832499e+00, -3.35669786e-01,
        8.08390737e-01,  7.77542531e-01, -3.81773859e-01,  7.47404575e-01,
        1.13332413e-01, -1.04868388e+00,  2.35573947e-02,  6.66572511e-01,
        2.82887548e-01, -4.68353540e-01, -6.10550702e-01,  1.69861853e-01,
        1.66588724e-01,  8.63519490e-01, -1.18941702e-01,  1.05848813e+00,
        8.03797245e-01, -6.47194326e-01, -5.23202777e-01,  8.82796645e-02,
        9.38810825e-01,  2.00387645e+00,  7.18696296e-01, -5.64450264e-01,
       -9.45101976e-01, -1.20527737e-01, -4.67650473e-01,  4.68679607e-01,
        1.14406216e+00,  1.24875896e-01,  5.10596812e-01, -1.18353176e+00,
        7.07210481e-01,  1.96452248e+00,  3.95567983e-01,  1.65777874e+00,
        2.24007457e-01,  5.54748058e-01, -6.31337643e-01,  4.55026031e-01,
        4.50992025e-02, -6.23903096e-01,  3.07435006e-01,  6.95656896e-01,
       -8.76575053e-01,  1.24017096e+00, -1.00511837e+00,  3.66950333e-01,
        7.45296538e-01, -4.03154403e-01, -2.18423381e-01, -9.82039571e-01,
       -1.09523034e+00,  2.29652599e-01, -2.61760093e-02,  1.22633910e+00,
        9.97501373e-01, -5.24099588e-01, -9.00109470e-01, -3.78229976e-01,
        1.47783771e-01,  5.82706869e-01,  5.60386956e-01, -6.27286434e-01,
        1.10168982e+00,  5.23180068e-01,  5.75681984e-01,  1.28632331e+00,
        1.19032133e+00,  1.64360091e-01,  3.67360562e-01, -1.47894704e+00,
        4.19297189e-01, -5.87587416e-01,  2.52193630e-01, -3.05404514e-01,
       -8.96238759e-02,  8.01217020e-01,  5.48846006e-01, -3.31822753e-01,
        1.90930307e-01,  6.09454215e-01, -3.12296122e-01, -8.00671160e-01,
       -9.13276672e-01,  7.40670919e-01, -3.75904083e-01,  3.24590236e-01,
        6.71817541e-01,  4.36842322e-01,  7.16007233e-01, -6.23752952e-01,
       -3.78521800e-01,  7.70066857e-01, -1.38946071e-01, -9.23092604e-01,
        7.18553841e-01, -4.49160524e-02, -1.54552162e-01,  2.02609748e-01,
       -1.36485219e+00, -3.30588281e-01, -4.12496626e-01, -1.60366547e+00,
        1.01562239e-01,  2.41291039e-02,  5.20442426e-01,  5.40605545e-01,
       -7.02279270e-01,  4.26476121e-01,  5.04928350e-01,  7.31359601e-01,
       -3.84921402e-01,  7.98435867e-01,  3.63939255e-01,  1.31510305e+00,
       -1.80976838e-01,  1.35965627e-02, -5.81914067e-01,  1.39193803e-01,
        5.37636802e-02, -4.69227612e-01, -1.12737072e+00,  1.70867622e-01,
       -1.97772428e-01, -9.57914352e-01,  2.57686555e-01, -1.86822057e-01,
       -2.78212517e-01, -2.81473815e-01,  8.46748874e-02, -3.65562111e-01,
        3.97228420e-01,  3.29986662e-01, -3.67366940e-01, -2.03283101e-01,
        3.94653827e-01,  1.35437563e-01,  6.33610547e-01, -9.96059086e-03,
       -2.68281817e-01, -1.25541639e+00,  8.82574469e-02, -1.09925056e+00,
        4.01387155e-01,  1.72068465e+00,  1.32256651e+00, -4.76739705e-01,
        1.64130062e-01,  5.10298908e-01, -3.81590962e-01,  6.05757415e-01,
       -7.52603531e-01,  9.04571116e-02, -8.59714866e-01,  7.52255023e-02,
        1.70087680e-01, -1.05995572e+00, -3.28847587e-01,  4.63215858e-01,
       -1.00890122e-01, -3.53621274e-01, -9.55759168e-01,  1.81993749e-02,
        1.09158468e+00, -1.39617741e+00, -3.98570448e-02, -1.24069706e-01,
       -7.53314018e-01, -1.32151365e+00,  2.47530699e-01, -1.47419393e+00,
        5.26251018e-01, -1.36898041e+00, -9.14771676e-01, -5.64273536e-01,
        8.00944626e-01, -9.49080884e-01,  6.34654582e-01, -1.51601696e+00,
        7.17716634e-01, -1.22695208e-01,  3.35440338e-01,  6.00102842e-01,
        3.63908708e-01, -1.14329673e-01,  6.75595522e-01,  2.94556946e-01,
       -6.57667160e-01, -9.25701797e-01,  1.57657385e-01, -1.01154780e+00,
        1.41834497e+00,  5.56353271e-01, -6.86694324e-01, -8.95151913e-01,
       -5.01212478e-01, -4.12966341e-01,  2.66084343e-01,  3.41968536e-01,
        9.18555677e-01, -3.32511634e-01, -2.72848338e-01, -1.25053263e+00,
        3.13046239e-02,  5.20486414e-01, -1.07147634e-01,  2.02084333e-01,
       -1.37830973e+00,  2.52163023e-01, -2.81812754e-02, -6.08592391e-01,
       -6.18292332e-01,  8.87413919e-01, -1.41533136e+00,  5.86095929e-01,
        4.00818855e-01, -8.21055412e-01, -6.28086746e-01,  6.33069634e-01,
        9.43996012e-01,  4.47775006e-01,  8.07997227e-01,  1.11325073e+00,
        1.08615443e-01, -2.76555598e-01,  1.64592195e+00,  1.23551393e+00,
        1.60548776e-01, -7.95946658e-01, -5.89806318e-01, -4.22223300e-01,
        7.60368884e-01, -4.48392242e-01, -1.32160950e+00, -3.05068225e-01,
       -4.40533198e-02, -8.87419805e-02, -2.76295274e-01,  8.27352285e-01,
       -5.37526608e-01, -7.66156197e-01,  2.55934358e-01, -1.17328107e-01,
       -1.22452927e+00, -7.36146152e-01,  1.43386292e+00,  1.26371354e-01,
       -4.35910150e-02, -8.51536095e-01,  1.03498265e-01,  2.28650481e-01,
        1.67510450e-01,  4.26298290e-01,  4.43197638e-01,  3.03512722e-01,
       -2.62842923e-01,  3.81671041e-01,  7.94714630e-01,  5.25569201e-01,
       -3.78245354e-01, -6.13919497e-01, -2.08846077e-01, -8.38632882e-01,
       -3.42048593e-02,  6.77855760e-02, -7.82033741e-01, -4.04047489e-01,
       -8.31631422e-02,  4.45233695e-02,  3.77508998e-02, -2.19588324e-01,
        6.40584469e-01, -2.09786430e-01, -4.20259744e-01,  4.69723880e-01,
       -4.78969336e-01,  3.39313567e-01, -5.12184799e-01, -1.25446856e-01,
       -7.92430103e-01, -1.93533096e-02, -6.04685545e-01, -8.49916756e-01,
        1.19112849e-01, -6.59961343e-01,  1.91311657e-01,  2.46755749e-01,
        4.05985191e-02,  6.99235201e-01,  1.48057207e-01,  7.89049387e-01,
       -1.22232687e+00, -2.13264155e+00, -5.36344171e-01,  1.17453861e+00,
       -5.09826601e-01,  1.00760862e-01, -1.42095220e+00, -1.22662151e+00,
       -3.41430604e-01,  5.52429318e-01,  1.04643393e+00, -2.23942375e+00,
        1.48215222e+00, -7.48619363e-02,  1.23970479e-01, -1.00983512e+00,
       -3.83886665e-01, -2.58437991e-01,  5.05287647e-01,  7.27371633e-01,
       -4.77179974e-01,  5.21600723e-01, -1.15309548e+00, -7.41849542e-02,
       -1.27708232e+00,  2.70467550e-01,  4.47737038e-01,  3.23063970e-01,
       -6.56659067e-01,  5.32492757e-01,  5.57908654e-01,  1.35254705e+00,
        4.91278380e-01, -4.25594598e-02, -7.40764081e-01,  2.96789497e-01,
       -7.60269761e-01,  2.30840504e-01,  8.75924602e-02, -8.18873644e-02,
       -2.44584959e-02, -4.44768280e-01,  1.46265960e+00, -5.83131872e-02,
       -1.07853338e-01, -8.78315687e-01,  1.36658764e+00,  3.15692067e-01,
       -2.14654118e-01, -6.49596810e-01, -1.08881600e-01, -7.57710814e-01]))]}})
