defaultdict(<class 'dict'>, {'In the mild and moderate groups, IL-6 concentrations were at their highest level in the first week after the symptom onset and then exhibited a decreasing trend.': {'embedding': array([ 5.64249933e-01,  3.47287387e-01, -3.96114111e+00, -1.73924342e-01,
        5.24874389e-01, -6.65042326e-02,  4.56650048e-01,  5.30789420e-02,
        1.54789281e+00, -1.01677334e+00, -4.23128515e-01,  6.39301360e-01,
        1.06653726e+00,  7.00828075e-01,  1.48724651e+00, -7.36293375e-01,
        2.82294899e-01, -7.75321126e-01,  2.48970427e-02,  1.38798511e+00,
       -8.06322694e-01, -7.41992891e-02, -1.33384243e-01, -8.04864347e-01,
        6.67817295e-01,  2.07701135e+00, -5.32844126e-01,  5.34386933e-01,
        4.29423660e-01, -2.09514543e-01,  8.16466331e-01, -7.60669649e-01,
        2.72954851e-01, -1.38713145e+00, -1.46520361e-02, -5.06128334e-02,
        2.30880216e-01,  2.58423761e-02,  3.25424075e-02,  3.28153551e-01,
        5.27902722e-01, -3.51286411e-01,  1.31362438e+00, -8.21787596e-01,
       -1.89072996e-01,  4.44122910e-01,  1.24686912e-01,  1.30784845e+00,
        4.04267550e-01, -6.85464263e-01, -2.19770521e-01, -8.87364089e-01,
        5.09996749e-02, -8.21961820e-01,  1.38023067e+00,  3.22141886e-01,
       -1.34011137e+00, -1.22459161e+00,  2.40084141e-01, -1.50931507e-01,
        1.19105947e+00,  3.82411927e-01, -8.84933352e-01, -3.81015599e-01,
       -7.19992936e-01, -7.19105721e-01, -8.05855751e-01,  7.97953248e-01,
       -7.54333019e-01, -1.42606080e+00,  6.24187171e-01, -3.52879792e-01,
       -6.22923393e-03, -2.78262943e-01, -2.70819753e-01, -6.54010847e-02,
        7.92371154e-01, -9.31658745e-02, -2.07661390e-01, -3.93718183e-02,
        5.60410738e-01,  3.22190881e-01,  1.65118217e+00, -6.10577643e-01,
        1.43344069e+00,  1.63302034e-01, -5.03135800e-01,  4.92717922e-01,
        3.66891958e-02,  2.64298820e+00,  1.58820033e+00,  6.97227836e-01,
        1.90192401e-01, -4.96706426e-01, -7.85665035e-01,  6.46576762e-01,
       -2.50756562e-01,  4.69719708e-01, -9.50423598e-01, -9.28034544e-01,
        4.14179146e-01, -1.17878354e+00, -2.92611271e-01, -8.33451927e-01,
       -3.93917561e-01,  5.82488656e-01,  6.52888715e-01, -5.08179128e-01,
        3.34782511e-01,  2.08536237e-01, -1.39632869e+00,  1.62702471e-01,
       -5.09714425e-01, -1.07857838e-01,  1.05847037e+00, -1.59290880e-01,
        3.93687487e-01, -4.25452590e-01, -5.08530796e-01,  7.01015770e-01,
       -7.36386359e-01, -7.15234458e-01,  2.29804695e-01,  1.35853851e+00,
        1.25262547e+00,  3.04811209e-01,  3.93857896e-01,  2.89290458e-01,
        1.33488297e-01, -6.89968348e-01,  1.63256168e-01, -4.34035778e-01,
       -1.17359853e+00,  1.29987866e-01,  2.35195786e-01,  1.18868995e+00,
       -1.74499825e-02,  2.98473954e-01,  3.22523057e-01, -3.75035644e-01,
        4.33583915e-01, -3.81472468e-01,  5.94454467e-01, -1.94980681e-01,
       -4.28025782e-01,  1.04276419e-01,  1.16719115e+00, -1.11420906e+00,
       -2.54406989e-01,  5.06315172e-01, -2.83121288e-01,  3.58937144e-01,
        2.47841939e-01, -2.13736564e-01, -5.04633784e-01, -1.15567112e+00,
       -8.11152220e-01,  9.60113168e-01,  3.24491054e-01,  6.37519136e-02,
        9.56472278e-01, -2.16908947e-01, -9.77892220e-01,  8.68035316e-01,
        4.11889434e-01, -1.20609355e+00,  2.35846058e-01,  1.24572730e+00,
        1.57435000e-01,  1.18355227e+00, -1.03470170e+00, -1.10712695e+00,
       -5.15659899e-02, -2.88382381e-01,  2.80550182e-01,  1.79817662e-01,
        3.72017324e-01, -1.13549232e+00,  2.78552443e-01, -1.82208233e-02,
        1.29015937e-01, -6.16086721e-01, -1.10265695e-01, -1.34818731e-02,
        1.09774745e+00, -5.44450998e-01, -4.26274538e-01, -3.11715096e-01,
       -6.08782113e-01, -5.12087524e-01,  1.17231555e-01,  1.18661249e+00,
       -1.02424407e+00, -7.00884342e-01, -7.77646899e-01, -5.00564814e-01,
        1.22136474e+00, -4.34363574e-01,  7.40551651e-01, -8.96194816e-01,
        1.84562266e-01, -6.66909039e-01, -4.57385182e-01, -2.43867055e-01,
       -8.59080076e-01,  1.07433844e+00, -2.47890964e-01, -4.80492115e-01,
       -2.44804591e-01, -9.42847013e-01,  2.64266469e-02, -1.71101242e-01,
       -5.31864107e-01, -2.55999982e-01,  3.24278653e-01, -6.70873672e-02,
       -3.57584625e-01,  6.34905696e-01, -4.61731762e-01,  7.28321731e-01,
        5.69046676e-01,  1.95916221e-01, -1.13335919e+00,  4.95921001e-02,
        7.44885743e-01, -3.74863952e-01, -5.72823584e-01, -1.48449287e-01,
       -1.39640903e+00, -4.01301056e-01,  4.57132533e-02, -5.39756298e-01,
        8.69115829e-01,  1.14051448e-02, -2.82067567e-01, -2.10917756e-01,
       -9.03677106e-01, -6.80494308e-01,  1.33648121e+00,  2.27618273e-02,
       -5.85440576e-01, -3.29284281e-01,  4.74859238e-01,  2.29318991e-01,
       -1.54438066e+00,  1.15421271e+00, -1.06107044e+00, -1.19451785e+00,
       -5.33907294e-01,  5.42641044e-01, -5.17745137e-01,  1.43317714e-01,
        6.99208677e-01,  3.98870856e-01,  9.47268128e-01, -5.82651794e-01,
       -2.66999274e-01,  7.83183724e-02,  4.13654000e-01,  2.54889101e-01,
        8.99908319e-02, -1.31491292e+00,  7.10149288e-01, -4.37870890e-01,
       -1.11750677e-01,  9.04976502e-02,  7.74702728e-01, -4.46762890e-01,
       -5.49036190e-02, -6.26164556e-01, -3.53250727e-02,  2.06898540e-01,
       -5.13880193e-01,  4.53900188e-01,  4.82313102e-03, -2.36623898e-01,
        2.88293540e-01,  1.10458329e-01, -1.37098461e-01,  6.75213933e-01,
       -5.66498756e-01, -5.17266989e-01, -5.20912170e-01, -6.64087772e-01,
       -9.29198742e-01,  9.94184092e-02,  1.96875930e+00, -6.57793403e-01,
        1.26482233e-01,  6.90505445e-01,  2.47444302e-01, -2.12047063e-02,
        1.51719470e-02,  9.07818198e-01, -2.27996483e-01, -8.53822947e-01,
        6.80034280e-01, -8.08857262e-01, -2.61432439e-01, -1.02362585e+00,
        1.22149134e+00,  1.47504538e-01,  1.68740213e+00,  5.80042321e-03,
        7.20193624e-01, -1.01311278e+00,  4.20784801e-02, -2.69424856e-01,
       -1.43461585e-01, -1.16128421e+00, -8.01174402e-01, -1.31831154e-01,
       -1.12802768e+00,  1.10658455e+00, -8.78771722e-01,  8.29400837e-01,
        4.38227326e-01,  1.97068846e+00,  8.95539999e-01, -3.92020673e-01,
        3.56061816e-01, -6.27104640e-01,  1.53291896e-01,  1.58112913e-01,
        3.49512219e-01,  6.50462031e-01,  3.11276734e-01,  8.23970199e-01,
       -3.79106522e-01,  7.08928645e-01,  2.12530911e-01,  7.07404464e-02,
        1.33244312e+00, -1.20655760e-01, -7.47081161e-01,  5.99580050e-01,
       -4.25346017e-01,  2.39375085e-01,  7.70432055e-02,  5.41819930e-01,
        1.23285925e+00, -8.42059433e-01,  3.72955203e-01, -5.34505844e-01,
        8.05457011e-02,  3.16076517e-01, -6.22431874e-01, -3.44950080e-01,
        7.36047089e-01, -2.03808248e-01, -2.26640850e-01, -7.93130621e-02,
       -3.86608571e-01, -5.83782971e-01,  1.77707784e-02, -2.74606764e-01,
        7.19758749e-01, -2.07900867e-01, -2.62343735e-01, -5.88198155e-02,
        1.34693608e-01, -8.58659625e-01,  3.03404003e-01, -5.52555978e-01,
        1.24245333e-02,  1.44127631e+00,  4.86938715e-01,  9.10932481e-01,
        1.26283741e+00,  2.55094528e-01, -4.13293719e-01,  9.51186791e-02,
       -6.66450560e-01,  7.26998150e-01, -6.10920966e-01,  1.90786839e-01,
       -8.50130498e-01,  3.27648111e-02, -8.84748459e-01,  3.06091994e-01,
        2.08350271e-01, -9.84518170e-01, -7.85388470e-01,  8.62264872e-01,
        4.18291152e-01, -4.68320131e-01,  1.07231632e-01,  1.85004652e-01,
        5.54496109e-01,  9.51944232e-01, -3.93322885e-01, -1.05598116e+00,
        1.60683930e-01, -4.24334705e-01,  1.14314008e+00, -1.09503873e-01,
        4.43198621e-01,  3.63425016e-01,  4.55351740e-01,  1.44080853e+00,
       -7.36269474e-01, -1.01928675e+00,  6.68986201e-01, -1.90224051e-02,
        3.10443312e-01, -5.97059786e-01, -2.03748837e-01,  3.09145540e-01,
        2.94894397e-01,  1.42978802e-01,  5.83290696e-01,  1.46150038e-01,
       -8.94509196e-01, -7.42996812e-01,  2.33388096e-01,  1.90018344e+00,
        8.49715829e-01,  5.87608553e-02,  7.27404505e-02,  4.57193971e-01,
        8.83028626e-01,  6.19647205e-01, -1.32130051e+00,  4.27730799e-01,
        1.95082143e-01,  6.63919091e-01,  1.38651252e-01,  3.56329978e-01,
        3.55094731e-01, -7.30796993e-01,  1.78177431e-01,  5.31318009e-01,
       -2.16207504e-01, -7.35842943e-01, -8.07865113e-02,  3.45143616e-01,
       -5.03039718e-01,  8.44506323e-02, -7.95397520e-01,  1.03831160e+00,
        1.05574882e+00, -6.11693203e-01, -1.09976619e-01,  2.22912416e-01,
        9.05225873e-01,  1.47996604e+00,  6.81977868e-01, -5.91817558e-01,
       -4.20511216e-01, -4.38251615e-01, -2.27052093e-01,  4.54011828e-01,
        1.24481428e+00, -1.21610034e-02,  6.68642402e-01, -7.01065004e-01,
        5.73230624e-01,  1.25797546e+00,  1.93236601e-02,  1.31678057e+00,
        8.17050755e-01,  6.32308960e-01, -1.51656961e+00,  3.82709175e-01,
        3.69617701e-01, -8.55354294e-02,  1.64155379e-01,  9.23423409e-01,
       -4.67571676e-01,  5.90433121e-01, -8.81016016e-01, -1.94101363e-01,
       -9.21735838e-02, -8.52589309e-01, -7.07824171e-01, -3.10394913e-01,
       -1.01549518e+00,  9.97645259e-02,  2.07304090e-01,  1.13083398e+00,
        1.42067587e+00, -2.54742235e-01, -7.80248284e-01, -4.60025012e-01,
       -2.87545115e-01,  1.41416579e-01,  1.03275800e+00, -4.18492407e-01,
        3.17198485e-01,  5.95481217e-01,  4.85478222e-01,  3.65443975e-01,
        9.66326773e-01,  7.01243043e-01,  4.87917840e-01, -6.23879611e-01,
        6.46104157e-01, -3.34198058e-01,  6.92038760e-02, -5.43956995e-01,
        2.21993625e-01,  6.59701526e-01,  2.95866370e-01, -1.67358652e-01,
        7.63467774e-02,  4.84946594e-02, -2.40577117e-01, -5.87335944e-01,
       -2.20059939e-02,  7.22739100e-01,  2.20792517e-01,  4.39984836e-02,
        1.25290918e+00, -5.26469424e-02, -3.21860891e-04, -2.50744760e-01,
        4.93726842e-02,  4.36998487e-01,  5.59735075e-02, -5.26602030e-01,
        1.94461003e-01, -8.89483869e-01, -7.95585662e-02,  3.34881634e-01,
       -1.22907674e+00, -5.64796865e-01, -3.30358177e-01, -6.38397276e-01,
       -5.91147020e-02,  7.86579959e-03,  2.65417248e-01,  9.75388288e-01,
       -5.30149221e-01,  7.06807733e-01,  1.33116877e+00,  1.36446610e-01,
        1.46381959e-01,  1.83883533e-01, -1.33895308e-01,  2.01202631e+00,
       -5.38874447e-01,  4.64662127e-02, -9.00799274e-01, -7.40638077e-01,
        3.94310027e-01,  2.38597021e-01, -7.55327225e-01,  2.27078408e-01,
       -1.04839218e+00, -6.33954883e-01,  3.58998477e-01, -5.29654026e-01,
       -1.75938923e-02, -1.45706803e-01, -1.90101877e-01, -2.53338069e-01,
       -1.02021787e-02, -1.24374308e-01,  1.54101709e-03, -7.62351513e-01,
        7.41059303e-01, -6.93609238e-01,  1.57118812e-02, -2.86420971e-01,
        7.25423515e-01, -7.94343054e-01,  1.64246157e-01, -9.16927814e-01,
        2.44865969e-01,  6.72951102e-01,  8.46856952e-01, -3.12885135e-01,
        4.68928993e-01,  4.19393986e-01, -5.79026818e-01,  6.59316123e-01,
       -1.72112942e-01,  2.17296720e-01, -6.49609566e-01, -3.58032659e-02,
       -1.41903356e-01, -1.05218077e+00, -7.49855101e-01,  8.03396225e-01,
        5.39604068e-01, -1.40769780e-01, -9.27353144e-01, -1.03486925e-01,
        1.27758849e+00, -3.94449741e-01, -5.50727069e-01,  7.29929745e-01,
       -6.50483012e-01, -2.61766493e-01, -2.02688307e-01, -4.64183092e-01,
       -3.53346229e-01, -1.32704639e+00, -1.61949888e-01, -8.94389153e-01,
        1.08669484e+00, -1.32746696e+00,  7.71267593e-01, -1.04909503e+00,
        2.44977832e-01, -6.74957454e-01,  8.61736357e-01,  4.50968713e-01,
        3.35410595e-01, -7.75439084e-01,  9.35291290e-01, -7.65882134e-01,
       -3.52330565e-01, -1.47232842e+00,  8.60678077e-01, -1.14790666e+00,
        1.50714946e+00,  5.44179201e-01, -1.30059457e+00, -8.02886188e-01,
       -4.89697069e-01, -9.44804847e-01,  2.05878243e-01, -2.76593622e-02,
        3.72920901e-01,  7.09119588e-02, -1.09295875e-01, -8.19456100e-01,
       -2.19082162e-01,  9.00972009e-01, -6.78724349e-02, -3.09387922e-01,
       -1.34773803e+00, -2.00417057e-01, -6.11982644e-01, -5.18106043e-01,
       -1.03102751e-01, -6.02279380e-02, -5.69559224e-02,  1.71127215e-01,
        1.19494843e+00, -1.30966401e+00, -1.41321969e+00,  3.65281582e-01,
        2.79766947e-01, -6.49335086e-01,  8.15142334e-01,  1.30276406e+00,
        5.52001417e-01, -3.03328663e-01,  1.05576813e+00,  1.20610416e+00,
        3.27271372e-02, -3.02471340e-01, -4.08562094e-01, -3.14861566e-01,
        9.36040580e-01, -4.69822198e-01, -8.98373127e-01, -1.94820553e-01,
       -1.46348085e-02,  6.57202065e-01, -6.03449643e-01,  9.39074814e-01,
       -3.16743314e-01, -2.92478740e-01,  2.55592346e-01, -7.79332101e-01,
       -1.56021965e+00, -2.69181192e-01,  7.38109350e-01, -3.93189400e-01,
       -6.51942715e-02, -8.22272956e-01, -2.81387717e-01,  1.26106513e+00,
        6.22842431e-01, -5.33366874e-02,  9.11599278e-01,  7.31135607e-01,
       -1.00315440e+00, -3.17460358e-01,  7.36101389e-01, -2.24171132e-01,
       -2.84261882e-01,  7.29527891e-01, -4.10201311e-01, -7.22620368e-01,
        1.53394714e-01, -7.03201815e-02, -7.27006078e-01,  2.09962904e-01,
        6.88399896e-02, -5.22195436e-02,  4.82817218e-02, -1.92202687e-01,
       -7.78182968e-02,  9.92641374e-02, -1.69468418e-01, -4.28819954e-02,
       -8.18346918e-01,  3.83583754e-01, -4.89940107e-01, -5.98519981e-01,
       -2.74706721e-01,  2.49086067e-01, -3.15479845e-01, -1.63779330e+00,
        1.66292816e-01, -4.82252240e-01,  5.13898730e-01, -6.72028288e-02,
        4.38039243e-01,  5.25506437e-01,  2.55504251e-01,  1.11139560e+00,
       -2.75828987e-01, -2.54089499e+00, -3.48495841e-01,  1.54092216e+00,
        3.42314750e-01, -2.41187781e-01, -8.38457346e-01, -2.37868264e-01,
       -1.49908826e-01,  9.88256335e-01,  7.68977225e-01, -1.40705454e+00,
        1.04863143e+00, -2.72675365e-01,  2.01637253e-01, -2.14004278e-01,
       -4.03516948e-01, -4.60448295e-01,  5.68759918e-01,  3.40101182e-01,
       -2.83915699e-01,  9.89592016e-01, -8.12351584e-01,  2.62764066e-01,
       -1.47999394e+00,  5.75978160e-01,  6.50589705e-01,  2.66653091e-01,
       -5.33649027e-01,  7.75985956e-01,  1.08233035e+00,  5.78418970e-01,
        3.24103832e-01,  1.73160732e-02, -5.66969037e-01,  1.68486759e-01,
       -9.95846808e-01,  7.72576258e-02, -1.24361850e-01,  6.22315891e-02,
       -2.58433014e-01,  8.33041891e-02,  6.71595693e-01,  8.20675269e-02,
        3.67326625e-02, -8.48443866e-01,  4.82222289e-01,  6.08537257e-01,
       -4.74161804e-02, -5.95403910e-01, -4.97003019e-01, -9.12017465e-01]), 'stl': [('G[6,7] ( l(t) > c(high) ) ^ G[7,T] ( d_I(t) < 0 )', array([ 6.00174069e-01,  1.23677135e+00, -3.57467890e+00, -9.93792892e-01,
       -2.57768184e-01,  3.58210593e-01, -3.80625516e-01,  5.84309518e-01,
       -9.12043035e-01,  1.54522613e-01, -1.12487197e+00,  8.81026626e-01,
        1.22891927e+00, -3.09759080e-01,  1.32706761e+00,  8.39285925e-02,
        2.44931817e-01, -4.60707277e-01,  4.70122278e-01,  4.48382527e-01,
       -7.44699240e-01, -8.15235436e-01, -1.30257979e-01, -8.56615007e-01,
        1.37435579e+00, -3.01148772e-01,  1.48005500e-01,  2.30287224e-01,
       -1.01862639e-01, -4.86132652e-01,  6.54726684e-01, -5.02685964e-01,
        2.39015728e-01, -5.88541031e-01, -8.60199928e-01, -2.18551487e-01,
        7.99968779e-01,  1.56522012e+00,  5.20292222e-01, -3.04830432e-01,
        6.53185964e-01,  8.58285502e-02,  2.12636083e-01, -8.89656246e-01,
        1.49660081e-01,  5.14599979e-01,  8.17885220e-01,  7.20628560e-01,
       -6.56801462e-02, -9.85937774e-01, -1.40164182e-01,  4.81725246e-01,
       -7.72397444e-02, -1.96540368e+00, -2.12621436e-01,  1.51352751e+00,
       -1.12417769e+00, -5.24305582e-01,  5.01473069e-01, -2.50130892e-01,
        1.04694319e+00,  2.73318499e-01, -9.94947851e-01,  4.93485987e-01,
        9.22608003e-02, -6.49942696e-01, -5.17007530e-01, -7.66253099e-02,
       -1.04820156e+00, -1.26967871e+00,  8.19732606e-01, -9.40541685e-01,
        8.19768310e-02, -2.45922178e-01, -9.81725574e-01, -7.52191126e-01,
        5.05280614e-01, -3.11235279e-01,  4.40272272e-01, -8.94285202e-01,
       -4.68893468e-01,  1.68602958e-01,  1.49013078e+00,  1.44214258e-01,
       -2.79023379e-01, -1.41477600e-01,  7.68029690e-01,  3.67881358e-01,
       -6.31942391e-01,  1.02126956e+00,  4.63104129e-01,  8.48378837e-02,
        6.34733140e-01,  1.60906345e-01, -1.63140965e+00, -1.77685753e-01,
        8.05103704e-02,  9.68134165e-01, -4.31469291e-01, -1.25558770e+00,
       -2.26815864e-01, -4.69387501e-01, -7.92591721e-02,  6.11340590e-02,
        2.58687139e-02, -1.29758745e-01,  4.94765133e-01, -3.22395504e-01,
       -3.34710807e-01,  5.42592024e-05,  3.17545533e-01,  5.35494566e-01,
       -1.16149902e-01, -1.13957667e+00,  1.71669960e-01, -2.71797717e-01,
        1.84937924e-01, -1.26336730e+00,  1.13088796e-02, -1.74218819e-01,
       -2.68868417e-01,  5.09654582e-01, -3.04081831e-02,  1.16985703e+00,
        5.06368637e-01,  1.32560834e-01, -2.29241014e-01,  4.94964123e-01,
        9.86765265e-01, -1.02870369e+00, -3.40817682e-02, -3.73747408e-01,
       -4.12403375e-01,  7.77308941e-02,  3.37379366e-01,  1.12541008e+00,
       -9.29707527e-01, -2.41363257e-01, -1.15406260e-01,  1.21277310e-01,
       -2.83762574e-01, -3.03790122e-01,  2.97820181e-01, -2.18189567e-01,
        2.53141910e-01, -6.59427702e-01,  9.16297674e-01, -8.43493938e-01,
       -5.57699800e-01, -7.26007521e-02,  3.15897375e-01,  1.07741117e+00,
        4.28725302e-01, -5.49164414e-02,  7.41460145e-01, -2.87094899e-03,
        1.13429403e+00,  4.32980061e-01, -2.09940672e-01, -5.32438636e-01,
        7.71659851e-01,  3.73887978e-02, -9.40009534e-01,  3.59478503e-01,
       -7.04466641e-01, -1.70399740e-01,  6.16242290e-01,  7.38140285e-01,
        4.28633213e-01,  6.08773649e-01, -1.54005861e+00, -4.51301992e-01,
       -5.80971055e-02, -8.37438345e-01, -3.09755981e-01, -7.67975688e-01,
        7.71812648e-02, -8.42350066e-01,  5.53230895e-03,  1.78535491e-01,
        7.19335437e-01, -1.13969576e+00,  9.51990068e-01,  5.72639406e-01,
        3.89070392e-01,  2.03737274e-01,  2.66682923e-01, -6.86849535e-01,
       -6.71295583e-01,  2.63242781e-01, -4.18799698e-01,  1.25746286e+00,
       -1.02825475e+00, -3.63371342e-01, -6.53210104e-01, -6.33017004e-01,
        1.43732142e+00, -8.51865113e-02, -1.18505716e-01,  1.29956920e-02,
       -6.12344623e-01, -2.27694020e-01,  3.04560691e-01, -1.55373216e-01,
       -6.74683392e-01,  4.71773177e-01, -1.91098392e-01,  1.03236282e+00,
       -7.75231838e-01,  1.94845766e-01,  7.61561617e-02, -3.67759645e-01,
        3.86902969e-03,  3.81873757e-01,  3.28079164e-01, -6.90232933e-01,
       -5.18442452e-01,  2.96609581e-01,  3.82386595e-01,  1.87551275e-01,
       -1.22192509e-01, -3.80524769e-02, -7.73130000e-01,  7.07690895e-01,
        3.50782961e-01, -2.78209239e-01, -8.85851860e-01, -1.77527353e-01,
       -7.46197522e-01,  6.89382181e-02, -2.05245927e-01,  1.44983068e-01,
        9.85518098e-01, -2.30064228e-01,  5.28763682e-02,  1.13157666e+00,
       -2.98209995e-01,  2.19267726e-01,  6.27121747e-01,  9.13854241e-01,
        2.76522160e-01, -1.96672957e-02, -6.49817884e-01, -9.34078455e-01,
       -8.33686650e-01,  9.63454664e-01, -1.32839940e-02, -1.91075075e-02,
       -1.94776535e-01,  1.09106576e+00, -4.65036601e-01,  3.82834852e-01,
        2.09222719e-01,  4.75107521e-01,  5.92061460e-01, -6.99298799e-01,
       -3.53277475e-01, -2.23689049e-01, -3.02161783e-01, -2.48410583e-01,
       -8.31953138e-02, -1.25484896e+00,  7.99873233e-01, -1.29983568e+00,
       -8.52760255e-01, -1.13946401e-01,  1.76846221e-01, -6.19044781e-01,
        2.98615366e-01, -1.17953205e+00, -2.93402970e-01,  1.04652917e+00,
        1.18030739e+00,  1.27575564e+00, -1.58098578e-01, -4.23587322e-01,
        1.06816903e-01,  9.48285498e-03, -1.64573237e-01,  8.67289662e-01,
       -6.33271635e-01, -6.13124907e-01, -2.07952634e-02, -8.10293779e-02,
        1.23005807e-01, -1.60548165e-01,  9.21426713e-01,  1.06961377e-01,
       -2.27743089e-01,  6.70435429e-01, -2.49328449e-01,  5.33572376e-01,
       -1.71998024e-01,  1.11753726e+00,  4.53436524e-01, -2.84630299e-01,
        5.66867590e-01,  2.78459311e-01, -6.07812777e-02, -9.72469449e-02,
       -8.53897408e-02, -3.76924247e-01,  3.22463095e-01,  8.43758166e-01,
       -1.39929131e-01, -2.64509201e-01,  6.19173169e-01, -3.27156752e-01,
       -6.93419218e-01,  2.30610430e-01, -6.41793132e-01,  2.74326533e-01,
       -4.46800768e-01, -2.06723452e-01, -3.70412797e-01,  2.92555749e-01,
        3.96972626e-01,  2.20211223e-01,  3.54540646e-01, -3.71876448e-01,
        6.86711788e-01, -1.59197211e+00, -7.87955999e-01, -6.79516912e-01,
       -7.76912749e-01,  1.16884172e+00, -7.08169937e-01,  6.88252747e-01,
       -5.02223313e-01, -2.77944148e-01,  1.44617975e-01,  3.63560289e-01,
        1.24737477e+00, -2.29766052e-02, -1.01532817e+00,  8.47489178e-01,
        3.17760296e-02,  2.31347919e-01,  1.47777811e-01,  4.40671951e-01,
       -1.69942275e-01, -1.71823591e-01,  1.15695514e-01, -8.77456307e-01,
        9.55715999e-02,  5.46071053e-01, -2.00105131e-01, -5.18987000e-01,
       -2.81605422e-01,  2.53178090e-01, -1.97228983e-01, -2.85706688e-02,
       -1.21257849e-01, -2.53936887e-01,  1.28290915e+00,  5.62160909e-01,
       -9.10645910e-03,  8.43356907e-01,  5.40835679e-01,  6.56877458e-02,
        2.14050084e-01,  6.02640927e-01, -2.31256828e-01, -6.82472959e-02,
        2.77109653e-01,  4.78618801e-01, -9.31464359e-02,  7.99771428e-01,
        5.86480200e-01,  4.98018533e-01,  9.95347500e-02,  4.35862243e-02,
        3.62600178e-01,  1.51277035e-01,  1.91146538e-01,  1.90468043e-01,
       -7.14223027e-01, -1.04502404e+00, -7.36447453e-01,  3.07865173e-01,
        3.87627691e-01, -6.53751910e-01,  3.93444777e-01,  1.15768187e-01,
        1.08658612e+00, -1.19419791e-01, -9.12878990e-01, -6.06259882e-01,
       -2.29319364e-01,  3.31960231e-01, -3.06817234e-01, -6.29505694e-01,
       -2.33341321e-01,  1.64865166e-01, -5.82787633e-01,  1.50123864e-01,
        1.48979211e+00,  3.54290515e-01,  5.91344908e-02, -5.37554026e-01,
       -6.26415372e-01, -9.41772401e-01,  1.13179517e+00, -5.39356411e-01,
        9.03429911e-02,  5.76484323e-01,  3.47363442e-01, -7.03923464e-01,
        1.15191698e+00, -5.63597500e-01, -3.57233733e-01,  9.16789845e-02,
       -6.08357191e-01, -1.29248273e+00, -3.39295864e-01,  2.27426186e-01,
        1.17232859e+00,  8.59064221e-01, -1.70177639e-01,  7.64413118e-01,
        1.04153812e+00,  6.76861346e-01,  3.61291021e-02,  3.69192183e-01,
        3.56635749e-01,  5.66599905e-01, -4.13083315e-01,  4.71740216e-01,
       -3.88685584e-01, -5.84375322e-01,  4.19865638e-01, -7.74885938e-02,
       -3.77060890e-01, -4.13325310e-01,  4.17146206e-01,  4.52563226e-01,
       -3.76229733e-01,  9.58467901e-01, -1.05649710e-01,  1.59928465e+00,
        1.15231240e+00, -9.32041287e-01, -3.28629076e-01, -1.12625383e-01,
        1.04748166e+00,  8.25900018e-01,  4.78295982e-01, -1.60053301e+00,
       -6.25869870e-01,  6.35211393e-02, -4.68767524e-01,  4.43621308e-01,
        2.34388456e-01,  1.51113200e+00,  1.31312406e+00, -8.26655090e-01,
       -2.22706035e-01,  3.45923513e-01,  4.57783304e-02,  9.05787945e-01,
       -2.04907641e-01,  8.83714139e-01, -1.75583851e+00,  4.09030356e-03,
        9.12516534e-01, -5.03878474e-01,  1.05456054e-01,  5.88945597e-02,
        1.15966022e+00,  1.16793454e+00, -8.70778084e-01,  1.01073396e+00,
        5.38507283e-01, -1.15363872e+00, -1.18037856e+00, -2.79355228e-01,
       -1.54336536e+00,  1.41070366e-01, -8.36683810e-02,  2.97123492e-01,
        4.70450908e-01, -3.50438580e-02, -9.82906818e-01, -8.56328309e-01,
        1.81686759e-01,  6.23189986e-01, -1.62193283e-01, -8.96226108e-01,
        7.47182250e-01, -4.56683576e-01, -2.38143951e-01,  2.07404327e-03,
        7.45576322e-01,  1.05237293e+00, -1.18455015e-01, -5.30951619e-01,
        1.64688364e-01,  6.07717812e-01,  5.57757974e-01,  6.86333597e-01,
        2.57322967e-01,  7.96997130e-01, -2.35954836e-01,  1.82624072e-01,
       -1.66337624e-01, -3.29359651e-01, -1.74122304e-01, -4.82987911e-02,
       -7.32324898e-01,  9.95651782e-01, -1.12306261e+00,  5.92003226e-01,
        1.50098586e+00,  3.19339424e-01, -9.31467563e-02, -8.75596702e-01,
        4.54600424e-01,  3.94748658e-01, -1.15535331e+00,  7.39358187e-01,
        6.59785926e-01, -1.41099238e+00, -6.14670753e-01, -5.42167664e-01,
       -8.47353220e-01,  3.92535776e-01, -4.61316407e-02, -7.17070103e-01,
        3.18939328e-01, -3.77962768e-01,  6.85937107e-02,  2.14581937e-01,
       -3.90303433e-02, -7.55405962e-01,  3.75943333e-02,  5.49936473e-01,
       -8.43988806e-02,  5.34761190e-01,  7.73660168e-02,  8.77606809e-01,
        1.64862350e-01, -4.68226135e-01, -3.99543971e-01,  3.04440141e-01,
       -5.67875564e-01, -1.10444689e+00, -1.28237271e+00,  3.26445729e-01,
       -1.66604742e-02, -1.22212899e+00, -3.24512392e-01, -1.38579559e+00,
        9.74006951e-01,  4.93973225e-01,  1.65348705e-02, -6.12450421e-01,
       -2.76573122e-01, -1.25270322e-01, -1.55743465e-01, -1.49955198e-01,
        1.01559687e+00,  1.74669817e-01,  9.50528443e-01, -2.46371143e-02,
        7.47028470e-01, -1.05311263e+00,  1.00818351e-01, -1.79801390e-01,
        9.56158459e-01,  6.08532950e-02, -1.43476278e-01, -5.78667760e-01,
        1.19785875e-01,  3.44643950e-01,  1.69442937e-01,  2.02583656e-01,
        1.97134569e-01,  2.97434330e-01, -1.01388562e+00, -1.01810169e+00,
       -5.17438054e-01,  2.96138257e-01,  2.01880082e-01,  1.29483426e-02,
       -4.57189918e-01,  3.92822355e-01, -8.19745421e-01, -1.41072394e-02,
        1.77189100e+00,  2.97063768e-01,  5.17118514e-01,  4.68874335e-01,
       -6.79122388e-01,  1.15778290e-01,  2.93005705e-01, -4.20981385e-02,
       -9.89298403e-01, -9.22764659e-01, -4.01476234e-01, -1.45311761e+00,
        1.14973176e+00, -2.12759078e-02,  1.44428420e+00, -4.19170827e-01,
        3.12081665e-01,  3.65095764e-01, -1.80892900e-01,  1.84755936e-01,
       -1.89348310e-01,  1.63024992e-01,  9.75895822e-01,  5.34964085e-01,
        7.29692042e-01, -8.78644168e-01,  3.23016584e-01, -5.22805631e-01,
        1.74366164e+00,  1.91497847e-01, -2.77405471e-01, -5.58158278e-01,
       -2.31665988e-02, -1.05703759e+00,  4.30174589e-01,  6.05915068e-03,
        2.87423968e-01, -5.51763475e-01, -9.26571012e-01, -8.32788885e-01,
        2.79721349e-01,  2.80286968e-01, -9.70267653e-01,  9.22889888e-01,
       -1.50308323e+00, -6.50570035e-01, -1.27124715e+00,  4.62653786e-01,
       -1.12435365e+00,  1.37074625e+00,  9.73850489e-01,  1.63018739e+00,
        3.95027012e-01, -2.81264126e-01,  2.90259048e-02,  1.56050753e-02,
        2.60355622e-01, -5.45238912e-01,  1.25592351e+00, -2.50010222e-01,
        6.33943439e-01, -7.27332532e-01,  1.53459716e+00,  1.43317771e+00,
       -1.59203574e-01, -5.78018606e-01, -6.15664542e-01, -1.61735392e+00,
        8.89508843e-01, -6.42309487e-01,  2.03901201e-01, -5.08844793e-01,
       -3.16433132e-01, -3.76798570e-01, -2.41568223e-01,  4.59093481e-01,
        4.33093160e-01,  2.20668852e-01,  5.15830755e-01, -3.70400101e-01,
       -8.11831176e-01, -3.22250307e-01,  6.35299444e-01, -4.03587431e-01,
       -8.12485889e-02, -2.86990702e-01,  2.34421626e-01,  1.24613214e+00,
        1.16045065e-01,  6.97206616e-01, -1.76526219e-01,  7.17146814e-01,
       -1.65786251e-01, -5.91405481e-02,  5.17524362e-01, -8.68084729e-01,
       -1.88020959e-01, -8.35558414e-01,  8.32424521e-01,  3.12946945e-01,
        4.62019891e-01,  7.65031278e-02, -6.25994027e-01, -3.56433764e-02,
        2.28158966e-01,  2.97324639e-02, -2.57905930e-01,  3.91239613e-01,
       -8.15905631e-01, -9.51111466e-02,  1.00879624e-01,  8.87287199e-01,
       -9.28331375e-01,  3.19516212e-01, -9.47446108e-01,  3.97770047e-01,
       -7.98659563e-01,  2.94772804e-01, -4.79741432e-02, -9.11503911e-01,
       -1.72049373e-01,  6.61625206e-01, -2.61232167e-01, -4.49965000e-01,
       -9.37823713e-01,  8.35450530e-01,  2.38549519e+00,  8.34658504e-01,
       -1.23842859e+00, -8.77805650e-01,  3.31051141e-01,  8.58312190e-01,
        4.46264207e-01, -3.74958336e-01, -6.94119096e-01, -1.35755181e+00,
        1.81962491e-03, -7.77755260e-01,  2.20914885e-01, -8.21827233e-01,
        7.16273546e-01, -1.65661559e-01,  3.93027902e-01, -8.84876788e-01,
       -9.19438362e-01,  2.95630604e-01, -1.13748878e-01, -8.70542042e-03,
       -6.08470976e-01, -2.26166084e-01,  2.31604189e-01,  6.46740794e-01,
       -1.85412443e+00,  2.37498775e-01,  2.28749216e-02,  4.04995859e-01,
        7.21621335e-01,  4.85078484e-01,  2.49532625e-01,  8.82387757e-01,
        8.17636967e-01, -1.33309603e-01,  9.88865346e-02, -3.10342520e-01,
       -1.19478154e+00,  1.98138431e-01,  7.13386953e-01,  4.55737337e-02,
       -1.33811265e-01,  1.04133880e+00,  1.71884036e+00,  2.48767048e-01,
        2.72241551e-02, -6.56116545e-01,  1.49879217e+00,  2.22235993e-01,
       -7.20808059e-02, -4.54393685e-01, -1.08172870e+00, -7.70938516e-01]))], 'literal': [('From day 6 to 7, the concentration of IL-6 was always greater than its high levels, and from day 7 onwards, the concentration of IL-6 was always decreasing. ', array([ 1.11224842e+00,  5.50514042e-01, -4.21562243e+00, -5.50878905e-02,
        8.83650720e-01,  3.74819458e-01,  6.30259812e-02, -1.80639178e-01,
        4.50397491e-01, -1.08644187e+00, -6.08873188e-01, -1.20647833e-01,
        1.56714737e+00,  9.11322534e-01,  2.08404589e+00, -5.35486221e-01,
        3.14740986e-01, -6.65290058e-01, -3.36850435e-01,  1.23672616e+00,
       -4.12880599e-01, -8.56614038e-02,  2.56680191e-01, -1.09037042e+00,
        3.31054956e-01,  1.61864793e+00, -4.31312531e-01,  1.68196380e-01,
       -7.75187165e-02, -6.72661245e-01,  9.10175920e-01, -9.87352610e-01,
        2.62240022e-01, -1.53879213e+00,  4.33761448e-01, -1.18398242e-01,
       -2.82811113e-02,  4.18707043e-01,  2.31235415e-01, -9.25406888e-02,
        5.33961177e-01,  1.30612552e-01,  9.44775820e-01, -7.39622533e-01,
       -4.46314126e-01,  2.63262510e-01, -4.34676707e-01,  1.16036713e+00,
        2.47518256e-01, -1.31369209e+00,  2.33255560e-03, -1.96846828e-01,
       -4.51053262e-01, -8.78088057e-01,  1.73969626e+00,  4.79238033e-01,
       -1.21774757e+00, -1.58268023e+00,  4.50465739e-01,  3.93136740e-02,
        1.79919231e+00, -2.95261741e-02, -5.77828288e-01,  5.35530508e-01,
       -3.55814457e-01, -8.57493103e-01, -5.36051869e-01,  1.03444147e+00,
       -7.12261617e-01, -9.48900461e-01,  8.76120150e-01, -6.94588959e-01,
       -2.29617178e-01, -2.06451312e-01,  5.09654999e-01,  1.73294153e-02,
        7.56139636e-01,  9.99975130e-02,  1.50860906e-01,  5.06243050e-01,
        3.32290500e-01,  2.52915412e-01,  1.91832733e+00, -3.72304916e-01,
        1.42022705e+00,  9.16402459e-01, -2.31801063e-01,  2.07058102e-01,
       -2.78691649e-01,  2.25004077e+00,  8.90039921e-01,  7.12955594e-01,
        8.06250513e-01,  2.44563937e-01, -1.14881003e+00,  1.85582295e-01,
       -3.55687886e-01,  1.39472878e+00, -1.49068439e+00, -5.21507502e-01,
        4.01155241e-02, -1.10254431e+00,  1.47619873e-01, -9.14324880e-01,
        5.71956448e-02,  1.81948483e-01,  6.87291741e-01, -2.02336118e-01,
        1.12799443e-01, -2.15376407e-01, -1.10644579e+00, -1.81973964e-01,
       -7.09723651e-01, -2.14143693e-01,  1.45528460e+00,  2.75791973e-01,
        2.74171740e-01, -6.19203627e-01, -4.75137860e-01, -6.45018697e-01,
       -7.20570862e-01, -6.99972451e-01, -1.88534096e-01,  6.03656590e-01,
        1.01081157e+00,  3.57972503e-01,  2.84081191e-01,  1.12247896e+00,
       -2.97848612e-01, -9.47289348e-01,  3.44761908e-01, -1.90995589e-01,
       -7.79018104e-01,  4.31466460e-01,  1.03234574e-01,  9.29967642e-01,
       -2.81148344e-01, -3.35691273e-01, -3.57490778e-02, -2.47284770e-01,
        1.69932440e-01, -1.11113593e-01,  6.72008812e-01,  1.48715097e-02,
       -3.87067676e-01,  4.81213778e-02,  7.86615849e-01, -1.39872515e+00,
       -8.18205357e-01,  8.96227658e-01, -4.36418876e-02,  5.10417402e-01,
       -2.15210378e-01,  1.39013723e-01, -9.21159759e-02, -1.19942844e+00,
       -8.49768281e-01,  1.25964475e+00,  2.51113087e-01,  2.33793870e-01,
        6.33435547e-01, -6.62562996e-02, -9.13740635e-01,  7.18442082e-01,
        9.86103565e-02, -5.93643844e-01, -3.56416702e-01,  1.47064888e+00,
        8.38528425e-02,  1.95520365e+00, -7.56052613e-01, -5.99966347e-01,
       -5.07560492e-01, -4.03934866e-02,  4.47279751e-01,  3.60639036e-01,
        4.17389303e-01, -1.20179784e+00,  3.09706330e-01,  9.68407169e-02,
        3.12817574e-01, -4.08109993e-01, -1.57547832e-01, -2.42627159e-01,
        1.16099977e+00, -4.61774945e-01, -1.00146364e-02, -1.05644834e+00,
       -1.61617517e+00, -7.75662303e-01, -5.99380255e-01,  8.88562202e-01,
       -8.97728741e-01, -7.46918619e-01, -9.78571296e-01, -5.11737406e-01,
        1.53611469e+00, -4.62879956e-01,  6.66162848e-01, -6.50579751e-01,
       -8.08935761e-01, -5.57816803e-01, -2.05352932e-01,  9.86740440e-02,
       -7.10902214e-01,  1.58209383e+00, -7.03257740e-01,  4.51928347e-01,
       -3.75991285e-01, -4.10452396e-01,  2.11915120e-01,  1.05991773e-01,
       -3.93203884e-01,  2.61027783e-01,  5.18370628e-01, -4.86249685e-01,
       -3.00702453e-01,  4.13904786e-01,  4.20829616e-02,  5.60280621e-01,
        2.54745662e-01, -1.31680399e-01, -1.28848958e+00,  1.50549132e-02,
        6.32670820e-01, -1.82063207e-01, -2.86958486e-01, -4.56779413e-02,
       -1.52800202e+00, -1.52105018e-01,  2.60994524e-01, -6.98449492e-01,
        5.37823200e-01,  1.33175403e-02, -4.03608799e-01,  9.11691546e-01,
       -8.69746804e-01,  4.01298255e-01,  7.79191911e-01,  8.96326005e-02,
       -5.57507515e-01, -4.93057281e-01, -1.83356330e-01, -1.34674579e-01,
       -1.44988060e+00,  6.33379519e-01, -8.77487421e-01, -1.19901204e+00,
       -4.32509929e-01,  1.16886163e+00, -7.32739270e-01,  6.30398571e-01,
        6.82833791e-01,  3.76182437e-01,  1.28525281e+00, -2.42328450e-01,
       -2.34540209e-01, -1.42078534e-01, -2.62818575e-01, -2.42324658e-02,
       -1.45428360e-01, -1.27236378e+00,  7.98214316e-01, -2.95051068e-01,
       -2.10614651e-01, -4.74936590e-02,  1.75006196e-01, -5.31509459e-01,
        3.22012007e-01, -1.08802724e+00, -1.73709616e-01,  4.34657365e-01,
        1.50440797e-01,  1.12786102e+00, -3.39411944e-01,  2.55254090e-01,
        3.58004302e-01, -3.39200318e-01, -2.93088973e-01,  8.61577749e-01,
       -8.85766625e-01,  2.26049960e-01, -9.46614385e-01, -4.30772811e-01,
       -6.31079316e-01,  3.19793463e-01,  1.48702598e+00, -6.58340514e-01,
        5.59127152e-01, -3.78715135e-02,  1.72332257e-01, -1.34597614e-01,
        1.72770128e-01,  4.95307028e-01,  1.25551894e-01, -3.53918970e-01,
        5.71527958e-01, -1.05798090e+00, -4.40577477e-01, -9.18776095e-01,
        1.20375109e+00,  6.36848450e-01,  7.88066804e-01,  6.39844537e-01,
        7.66942203e-01, -4.72248435e-01,  1.20804183e-01, -1.75538771e-02,
       -4.86766659e-02, -9.48238373e-01, -8.44082057e-01,  5.16576469e-01,
       -9.84924316e-01,  8.22567165e-01, -8.53701115e-01,  3.82766336e-01,
        1.15011954e+00,  1.79844058e+00,  1.20232069e+00, -8.25319365e-02,
        4.20528620e-01, -8.71552408e-01,  1.83205724e-01, -5.46838284e-01,
        1.00914158e-01,  8.04057717e-01, -3.16977426e-02,  8.88917148e-01,
       -1.17840759e-01,  5.93191504e-01, -1.96010813e-01,  1.06413573e-01,
        1.38183057e+00, -4.34238195e-01, -1.33669448e+00,  1.12649441e+00,
       -8.83138239e-01,  4.54611629e-01,  1.28237188e-01,  8.42537940e-01,
        8.59921873e-01, -6.54073536e-01, -1.25309020e-01, -7.37176061e-01,
        5.29603004e-01,  6.01015151e-01, -5.73492289e-01, -8.34578097e-01,
        4.16287780e-01, -2.26398155e-01,  4.09830064e-01, -4.96897340e-01,
       -6.43196583e-01, -6.66277707e-01,  1.44746035e-01, -2.27430284e-01,
       -5.19829579e-02,  2.53599703e-01, -1.29709631e-01,  4.64687869e-02,
       -1.17864721e-01, -4.51746374e-01,  1.41974166e-01, -6.17347479e-01,
        1.91152230e-01,  8.81043375e-01,  1.17736197e+00,  9.77736473e-01,
        1.00475359e+00,  2.68380225e-01, -4.53015715e-01,  8.72771978e-01,
       -9.68540013e-01,  8.66034329e-01, -4.31514353e-01,  2.65102088e-01,
       -1.04178298e+00,  2.66020894e-01, -1.05608320e+00,  1.93060547e-01,
        7.25659370e-01, -8.89840782e-01, -7.63041377e-01,  1.03629971e+00,
        1.85861826e-01, -7.83684015e-01,  1.40303090e-01, -2.58110255e-01,
        2.53385127e-01,  9.41030681e-01, -4.18764919e-01, -1.15078914e+00,
       -1.43502235e-01, -5.39961338e-01,  1.08251369e+00, -1.17906004e-01,
        4.86136407e-01,  6.87824488e-01, -8.31147209e-02,  5.43019295e-01,
       -4.71716315e-01, -9.85794723e-01,  5.07031083e-01, -2.04402879e-01,
        3.67057949e-01, -9.25172865e-03, -3.74535590e-01,  1.45034164e-01,
       -1.12355664e-01,  9.11802500e-02,  6.89163864e-01,  4.53698993e-01,
       -1.36950362e+00, -7.73004889e-01,  6.82448983e-01,  1.39698374e+00,
        1.50240624e+00,  6.11702025e-01, -1.81612730e-01,  1.92333296e-01,
        1.05848980e+00,  1.04510188e+00, -1.69658220e+00, -6.93881959e-02,
        3.28059494e-01,  7.93794096e-01, -7.78218389e-01,  4.46283132e-01,
        4.77342516e-01, -7.02851117e-01,  1.02800675e-01,  4.07434046e-01,
       -2.14638293e-01, -6.15127087e-01,  9.46694240e-02,  4.03456539e-02,
       -6.80940092e-01,  5.34392953e-01, -2.19697118e-01,  1.76582003e+00,
        9.14096653e-01, -3.93383592e-01,  4.43565957e-02, -1.85570791e-01,
        7.78871894e-01,  1.45940757e+00,  9.35814202e-01, -7.52287269e-01,
       -3.72715890e-01,  4.76197004e-02, -5.31050801e-01,  1.54162049e-01,
        1.16920531e+00,  3.78803939e-01,  6.61477745e-01, -7.66161561e-01,
        2.73316205e-01,  1.54979360e+00,  3.44034806e-02,  1.75335658e+00,
        6.91638708e-01,  5.39559305e-01, -1.36618876e+00,  4.80089933e-01,
        3.32031965e-01,  1.74729481e-01,  1.93565682e-01,  9.72272694e-01,
       -7.43182302e-01,  1.06419456e+00, -7.83301711e-01,  5.95158041e-01,
        3.83751750e-01, -4.83147234e-01, -3.65133107e-01, -6.84143841e-01,
       -1.54821336e+00,  3.78598422e-01,  3.29671383e-01,  9.91450310e-01,
        1.06345844e+00, -4.86702859e-01, -9.35545146e-01, -4.56296980e-01,
       -2.99766064e-01,  5.43040216e-01,  4.27030295e-01, -2.94151634e-01,
        2.49185786e-01,  4.34823006e-01,  5.76356828e-01,  3.85959089e-01,
        1.44184315e+00,  2.42277592e-01,  4.35243130e-01, -1.21735930e+00,
        7.38039374e-01, -3.63015085e-01, -7.98821449e-02, -3.51465106e-01,
        2.87110925e-01, -3.29395473e-01,  4.69805777e-01, -7.01028883e-01,
        2.54099935e-01,  1.55853584e-01,  5.07021785e-01, -5.20984411e-01,
       -7.83270657e-01,  8.49911869e-01, -3.67907286e-02,  4.41963404e-01,
        6.47998810e-01,  5.74271023e-01,  4.39811617e-01, -5.51022053e-01,
       -5.56219041e-01,  1.09383488e+00, -1.25939280e-01, -6.90292478e-01,
        3.16100061e-01, -5.13818026e-01,  5.27314432e-02,  3.80561978e-01,
       -1.65258563e+00, -7.33644307e-01,  2.10497081e-01, -1.27876556e+00,
        5.92379048e-02, -3.40487301e-01,  2.30726451e-01,  1.26412761e+00,
       -2.18340591e-01,  5.57154715e-01,  9.99273002e-01,  5.65503716e-01,
        4.00305450e-01,  4.69896048e-01,  2.63444304e-01,  1.69407690e+00,
        1.72626544e-02, -9.55030322e-02, -8.82326901e-01, -8.65887552e-02,
        3.17395777e-01, -4.66464221e-01, -1.29738712e+00,  4.58755046e-02,
       -3.40096772e-01, -1.00157046e+00, -9.24529135e-02, -5.03663898e-01,
       -2.87221432e-01, -5.04313886e-01, -3.07318181e-01, -3.27867776e-01,
        1.74959138e-01,  6.27112329e-01, -4.06386614e-01, -1.76840186e-01,
        7.21219242e-01, -4.94772315e-01, -2.70150214e-01, -5.33014894e-01,
        3.54386210e-01, -1.15685713e+00, -1.10710733e-01, -8.29593897e-01,
        5.19398302e-02,  1.54374182e+00,  1.40117550e+00, -2.45904803e-01,
        3.36552501e-01,  7.97134995e-01, -7.64222324e-01,  8.72156441e-01,
       -3.87718171e-01,  6.87014535e-02, -8.86521339e-01, -3.63821149e-01,
        2.11154774e-01, -1.12254918e+00, -8.93601239e-01,  3.47375751e-01,
        5.59174493e-02,  2.12207139e-02, -4.51685697e-01,  2.79695451e-01,
        1.51169658e+00, -6.02701545e-01,  2.72165090e-01,  9.58422303e-01,
       -7.66489565e-01, -6.89573586e-01,  2.09927171e-01, -7.28868663e-01,
       -2.35633016e-01, -9.51282084e-01, -4.95210648e-01, -9.76182759e-01,
        8.32249403e-01, -1.32542372e+00,  1.11194336e+00, -1.21013439e+00,
        4.13880318e-01, -1.79588765e-01,  1.57953635e-01,  4.08973515e-01,
        4.70872939e-01, -8.55611205e-01,  6.93478882e-01, -3.18433851e-01,
       -2.68845707e-01, -1.49728155e+00,  3.62913072e-01, -9.39482212e-01,
        1.66605496e+00,  7.43096828e-01, -6.51645422e-01, -1.22847307e+00,
       -4.79430333e-02, -2.63291180e-01,  1.23299390e-01,  3.90602231e-01,
        6.99747145e-01,  1.56099070e-03, -6.73145175e-01, -9.90779996e-01,
        3.78905609e-02,  5.47421634e-01, -3.06958139e-01, -1.05000705e-01,
       -1.43673742e+00, -1.51766121e-01, -6.46712899e-01, -6.22991264e-01,
       -5.00235677e-01,  5.84810019e-01, -7.97575235e-01,  7.23184288e-01,
        5.23359835e-01, -1.07564425e+00, -7.34794736e-01,  5.93442798e-01,
        5.99543154e-01,  1.04560956e-01,  1.04136956e+00,  4.18929636e-01,
        2.92705804e-01, -9.00742710e-02,  9.81834710e-01,  9.04380739e-01,
        6.61541596e-02, -5.93154311e-01, -1.18617073e-01, -2.49750942e-01,
        7.31454909e-01, -5.49301386e-01, -1.09491014e+00, -3.07131588e-01,
        1.61172107e-01,  8.54076967e-02, -6.00038528e-01,  1.04476619e+00,
       -2.00938344e-01, -4.18082595e-01,  1.14464179e-01, -8.86844873e-01,
       -1.49005747e+00, -3.51014286e-01,  1.40344572e+00,  4.16978955e-01,
       -1.93487912e-01, -1.33750296e+00, -5.60974181e-01,  7.37960577e-01,
        3.77822906e-01,  4.35457796e-01,  7.13815093e-01,  7.80722558e-01,
       -2.24345058e-01,  1.56335711e-01,  8.31627429e-01, -6.11140877e-02,
       -4.60600615e-01, -4.80400890e-01, -4.38706845e-01, -5.75662136e-01,
        2.45710798e-02, -3.19116890e-01, -7.53366530e-01,  2.71006465e-01,
       -2.19431445e-01,  1.62734613e-02, -1.95838660e-02, -2.24346265e-01,
        4.59949881e-01, -6.20658815e-01, -4.32634860e-01, -2.68153965e-01,
       -4.00662303e-01,  5.41579247e-01, -4.89178181e-01, -2.13842452e-01,
       -1.09363401e+00,  3.18991274e-01, -3.68317336e-01, -1.03186953e+00,
        3.47251385e-01, -3.48571390e-01,  1.04206905e-01, -5.03779575e-02,
       -3.92834842e-01,  6.78173065e-01,  5.04576683e-01,  9.33707118e-01,
       -7.65356183e-01, -2.50154591e+00, -5.36720395e-01,  1.40843797e+00,
       -1.36427745e-01, -7.76871294e-02, -1.12931335e+00, -6.10086381e-01,
       -2.20832929e-01,  8.14254940e-01,  1.28795731e+00, -1.96449494e+00,
        1.69821548e+00, -2.30099425e-01,  7.12581873e-01, -1.10052466e+00,
       -4.82716441e-01, -6.54517233e-01,  9.06596422e-01,  1.65360019e-01,
       -7.07451463e-01,  8.91939759e-01, -1.02722514e+00, -1.13941349e-01,
       -1.45701075e+00,  1.05480298e-01,  7.64356017e-01,  5.17590344e-01,
       -5.04810393e-01,  5.14413953e-01,  6.69211149e-01,  1.05542219e+00,
        8.88504207e-01, -3.25191021e-01, -8.98993433e-01,  9.71160233e-02,
       -8.55240703e-01,  1.23915620e-01,  1.04095943e-01, -1.73883915e-01,
        3.68270203e-02, -2.24367883e-02,  1.48443198e+00,  2.12912425e-01,
       -2.83425599e-01, -8.13082695e-01,  1.24543083e+00,  4.19889688e-01,
       -7.44412243e-02, -7.88540423e-01, -1.81302235e-01, -9.37374294e-01]))]}})
